test case solitary wave on a simple beach

results of non-hydrostatic model (using finite element model): non-linear shallow water model

results at non-dim. t = 25

1st column: location in meters
2nd column: ssh values in meters

  -109.90000000000001        7.5851059074847591E-009
  -110.00000000000000       -1.3584846844734256E-008
  -109.80000000000000       -3.6539245241738516E-010
  -109.69999999999999       -5.8946073401093675E-010
  -109.59999999999999       -9.7962368785256972E-010
  -109.50000000000000       -2.9375360311301204E-010
  -109.40000000000001       -1.4230620918911388E-009
  -109.30000000000001       -2.4990752579547566E-011
  -109.20000000000000       -1.3834413695042419E-009
  -109.09999999999999       -1.7538184433734591E-010
  -109.00000000000000       -1.0183361701490965E-009
  -108.90000000000001       -3.7301076533777769E-010
  -108.80000000000000       -5.3003751209133431E-010
  -108.69999999999999        2.8032056877628381E-010
  -108.59999999999999        3.1646326324548993E-010
  -108.50000000000000        7.2296081740635098E-010
  -108.40000000000001        1.8951940853213413E-009
  -108.30000000000001        7.1697538542207827E-010
  -108.20000000000000        2.4896751009384895E-009
  -108.09999999999999       -2.3809149590324922E-010
  -108.00000000000000        7.2243805744582968E-009
  -107.90000000000001       -1.0063146900320440E-009
  -107.80000000000000       -6.3405322976389847E-010
  -107.69999999999999        1.9059481288961388E-009
  -107.59999999999999       -1.3641996684837720E-009
  -107.50000000000000       -1.4408313346153659E-009
  -107.40000000000001       -5.6495534330503555E-009
  -107.30000000000001        1.0054487514731595E-009
  -107.20000000000000       -1.0462525470364182E-009
  -107.09999999999999       -4.1275821744987627E-010
  -107.00000000000000       -1.9570108002170562E-009
  -106.90000000000001       -1.0239028676192138E-010
  -106.80000000000000        8.9192551717704488E-009
  -106.69999999999999        1.4170064436264344E-009
  -106.59999999999999        1.7425713142081661E-009
  -106.50000000000000       -7.5891100928679233E-010
  -106.40000000000001       -7.6318035360949181E-009
  -106.30000000000001       -3.8118264718388355E-010
  -106.20000000000000        6.6207857412132369E-010
  -106.09999999999999        1.0982800928228263E-009
  -106.00000000000000        3.7406956384354385E-009
  -105.90000000000001       -1.7577723179674861E-010
  -105.80000000000000       -7.2535110537024071E-010
  -105.69999999999999       -1.2221465695862867E-010
  -105.59999999999999       -8.6177133756202172E-010
  -105.50000000000000        6.3004437363147453E-010
  -105.40000000000001        5.4464787667360519E-010
  -105.30000000000001       -3.0542882511191070E-010
  -105.20000000000000        4.7432229391491994E-010
  -105.09999999999999        5.0673234846523150E-010
  -105.00000000000000       -1.3924279874747339E-010
  -104.90000000000001        9.7324312546750605E-011
  -104.80000000000000        3.2005762907953148E-010
  -104.69999999999999        7.9672561156573257E-012
  -104.59999999999999        1.8910024732899883E-010
  -104.50000000000000        4.7844747747921059E-010
  -104.40000000000001        5.3330700679616285E-011
  -104.30000000000001       -1.5337472025851494E-012
  -104.20000000000000        4.7021822905183681E-010
  -104.09999999999999        1.9323858963123339E-010
  -104.00000000000000       -1.0023039930324356E-010
  -103.90000000000001        4.6820964410282290E-010
  -103.80000000000000        4.8966502439898038E-010
  -103.69999999999999       -1.6979625346313568E-010
  -103.59999999999999        7.7226266589893466E-011
  -103.50000000000000        6.3276749758308651E-010
  -103.40000000000001        2.6313883814068796E-010
  -103.30000000000001       -2.0054793259834944E-012
  -103.20000000000000        3.4221923164919824E-010
  -103.09999999999999        2.6685422775266922E-010
  -103.00000000000000        1.1609724661690475E-010
  -102.90000000000001        5.2451911744131175E-010
  -102.80000000000000        4.2298657476811506E-010
  -102.69999999999999       -1.8873201146672876E-010
  -102.59999999999999        1.9071030863736712E-010
  -102.50000000000000        8.8936909441123507E-010
  -102.40000000000001        3.2343502818402760E-010
  -102.30000000000001       -3.0012081169272052E-010
  -102.20000000000000        3.7024476587853202E-010
  -102.09999999999999        8.4401340499311365E-010
  -102.00000000000000        2.1621692369341842E-010
  -101.90000000000001       -2.3697761642364588E-011
  -101.80000000000000        4.8538179546956000E-010
  -101.69999999999999        5.1199438022783623E-010
  -101.59999999999999        2.2606607530269009E-010
  -101.50000000000000        4.1867520799525764E-010
  -101.40000000000001        4.7616880683416524E-010
  -101.30000000000001        1.4446397960449495E-010
  -101.20000000000000        3.5055793268162241E-010
  -101.09999999999999        8.0163555456585248E-010
  -101.00000000000000        3.9304538869091135E-010
  -100.90000000000001       -8.9221514190876552E-011
  -100.80000000000000        5.1354312831764735E-010
  -100.69999999999999        1.0225480970016925E-009
  -100.59999999999999        3.1827370501734323E-010
  -100.50000000000000       -1.4615225465762676E-010
  -100.40000000000001        6.4374508234349147E-010
  -100.30000000000001        1.0850768365119699E-009
  -100.20000000000000        3.0355861199143065E-010
  -100.09999999999999       -5.8911254911514190E-011
  -100.00000000000000        7.1397891918331217E-010
  -99.900000000000006        1.0373924252506258E-009
  -99.799999999999997        3.5372853915774111E-010
  -99.699999999999989        1.2060281958125228E-010
  -99.599999999999994        7.3910314839656222E-010
  -99.500000000000000        9.3014352826329632E-010
  -99.400000000000006        4.4102772506519437E-010
  -99.300000000000011        3.4698267521504085E-010
  -99.200000000000003        7.5534101269030801E-010
  -99.099999999999994        8.0477501360831402E-010
  -99.000000000000000        5.2757840211108885E-010
  -98.900000000000006        5.8295450914245324E-010
  -98.799999999999997        7.9910279742345029E-010
  -98.699999999999989        6.9748450929714586E-010
  -98.599999999999994        5.8358712147584638E-010
  -98.500000000000000        7.9364069381106710E-010
  -98.400000000000006        8.9240434681128841E-010
  -98.300000000000011        6.4395797139436282E-010
  -98.200000000000003        5.9829079248834489E-010
  -98.099999999999994        9.4453146821826762E-010
  -98.000000000000000        1.0352384449263260E-009
  -97.900000000000006        6.7786646664477392E-010
  -97.799999999999997        5.8465600624051027E-010
  -97.699999999999989        1.0067011846587486E-009
  -97.599999999999994        1.2034896566700526E-009
  -97.500000000000000        8.2213022652626321E-010
  -97.400000000000006        5.7894756996229399E-010
  -97.300000000000011        9.6862938568443948E-010
  -97.200000000000003        1.3520530974396165E-009
  -97.099999999999994        1.0745926003510361E-009
  -97.000000000000000        6.3436988864976939E-010
  -96.900000000000006        8.5217612831023583E-010
  -96.799999999999997        1.4253452018786489E-009
  -96.699999999999989        1.3916899112840982E-009
  -96.599999999999994        8.0511769367617971E-010
  -96.500000000000000        7.2711370080840105E-010
  -96.400000000000006        1.3800567610816709E-009
  -96.300000000000011        1.6790510865689692E-009
  -96.200000000000003        1.1157736547794592E-009
  -96.099999999999994        7.1047758138970736E-010
  -96.000000000000000        1.2233664573299549E-009
  -95.900000000000006        1.8085238765916811E-009
  -95.799999999999997        1.5181272493222632E-009
  -95.699999999999989        9.2611025246151031E-010
  -95.599999999999994        1.0544348595819309E-009
  -95.500000000000000        1.6876776479455516E-009
  -95.400000000000006        1.8630651796130721E-009
  -95.300000000000011        1.4052483011616641E-009
  -95.200000000000003        1.0621893628255945E-009
  -95.099999999999994        1.3802685514736957E-009
  -95.000000000000000        1.9526233909636226E-009
  -94.900000000000006        1.9682231299668939E-009
  -94.799999999999997        1.4073404586063506E-009
  -94.699999999999989        1.1821436912355861E-009
  -94.599999999999994        1.7258338695980629E-009
  -94.500000000000000        2.2438950578913342E-009
  -94.400000000000006        1.9935961048570683E-009
  -94.300000000000011        1.4550706468964709E-009
  -94.200000000000003        1.4680489031507210E-009
  -94.099999999999994        2.0050737914057812E-009
  -94.000000000000000        2.3756233983362949E-009
  -93.900000000000006        2.1626556027552264E-009
  -93.799999999999997        1.6763375767631174E-009
  -93.699999999999989        1.6298848337232330E-009
  -93.599999999999994        2.1879137290595056E-009
  -93.500000000000000        2.6276775483992899E-009
  -93.400000000000006        2.3815056687754310E-009
  -93.300000000000011        1.8897987881582092E-009
  -93.200000000000003        1.8570534087134157E-009
  -93.099999999999994        2.3219603035995478E-009
  -93.000000000000000        2.7699985583622994E-009
  -92.900000000000006        2.7292908419352273E-009
  -92.799999999999997        2.2620564134598888E-009
  -92.699999999999989        2.0136698795795119E-009
  -92.599999999999994        2.3799163337172527E-009
  -92.500000000000000        2.9282698617889634E-009
  -92.400000000000006        3.0513470300604504E-009
  -92.300000000000011        2.7215367881467296E-009
  -92.200000000000003        2.3507997054351417E-009
  -92.099999999999994        2.3944689427383427E-009
  -92.000000000000000        2.8976494098573360E-009
  -91.900000000000006        3.3341928377656204E-009
  -91.799999999999997        3.2503132096185603E-009
  -91.699999999999989        2.8486891163591643E-009
  -91.599999999999994        2.6017975882214476E-009
  -91.500000000000000        2.7857952838583452E-009
  -91.400000000000006        3.2946657680037395E-009
  -91.300000000000011        3.6540687359993328E-009
  -91.200000000000003        3.5221074666625488E-009
  -91.099999999999994        3.1317341871511674E-009
  -91.000000000000000        2.9071185419348510E-009
  -90.900000000000006        3.0788279495818507E-009
  -90.799999999999997        3.5603808459228267E-009
  -90.699999999999989        3.9430136229801605E-009
  -90.599999999999994        3.8970680913221047E-009
  -90.500000000000000        3.5581901707004320E-009
  -90.400000000000006        3.2560096294179850E-009
  -90.300000000000011        3.2752560578444049E-009
  -90.200000000000003        3.6653500511715160E-009
  -90.099999999999994        4.1183959467834839E-009
  -90.000000000000000        4.2878323374584493E-009
  -89.900000000000006        4.1172512746427415E-009
  -89.799999999999997        3.7528406014504664E-009
  -89.699999999999989        3.5172110370676503E-009
  -89.599999999999994        3.6350587987654525E-009
  -89.500000000000000        4.0175248994129813E-009
  -89.400000000000006        4.4197641704477138E-009
  -89.300000000000011        4.6003832484300637E-009
  -89.200000000000003        4.4339534558206758E-009
  -89.099999999999994        4.0902293061592795E-009
  -89.000000000000000        3.8097555390729984E-009
  -88.900000000000006        3.7791645662148938E-009
  -88.799999999999997        4.0449974844598960E-009
  -88.699999999999989        4.4406080882695712E-009
  -88.599999999999994        4.7337560448887496E-009
  -88.500000000000000        4.7870801921617499E-009
  -88.400000000000006        4.5562524294369763E-009
  -88.300000000000011        4.1990162504270869E-009
  -88.200000000000003        3.9011367284329979E-009
  -88.099999999999994        3.8087373663238364E-009
  -88.000000000000000        3.9684464730047287E-009
  -87.900000000000006        4.2838289987537968E-009
  -87.799999999999997        4.5915149887290710E-009
  -87.699999999999989        4.7548792446482852E-009
  -87.599999999999994        4.6717906948803996E-009
  -87.500000000000000        4.3879327928833593E-009
  -87.400000000000006        3.9868056500997006E-009
  -87.300000000000011        3.6143945330435516E-009
  -87.200000000000003        3.3809718646163053E-009
  -87.099999999999994        3.3384217187494679E-009
  -87.000000000000000        3.4672743476670801E-009
  -86.900000000000006        3.6934522505375907E-009
  -86.799999999999997        3.9028888734160103E-009
  -86.699999999999989        4.0132577202370725E-009
  -86.599999999999994        3.9432217813612233E-009
  -86.500000000000000        3.6953312610266797E-009
  -86.400000000000006        3.2783164443103225E-009
  -86.300000000000011        2.7661591052634793E-009
  -86.200000000000003        2.2161789753810868E-009
  -86.099999999999994        1.7060904872463885E-009
  -86.000000000000000        1.2754523911805256E-009
  -85.900000000000006        9.6066560014993269E-010
  -85.799999999999997        7.5461280085654088E-010
  -85.699999999999989        6.5341327707755596E-010
  -85.599999999999994        6.1580327377531526E-010
  -85.500000000000000        6.2271626396905513E-010
  -85.400000000000006        6.2494699448583854E-010
  -85.300000000000011        6.1014745706352337E-010
  -85.200000000000003        5.3853859699416488E-010
  -85.099999999999994        4.1248406073191856E-010
  -85.000000000000000        2.0524500614534020E-010
  -84.900000000000006       -6.8625368468076423E-011
  -84.799999999999997       -4.2725571369377926E-010
  -84.699999999999989       -8.4976355832384599E-010
  -84.599999999999994       -1.3514821226663339E-009
  -84.500000000000000       -1.9098073815500248E-009
  -84.400000000000006       -2.5411491311200560E-009
  -84.300000000000011       -3.2233733704671682E-009
  -84.200000000000003       -3.9755460076153353E-009
  -84.099999999999994       -4.7764345676441914E-009
  -84.000000000000000       -5.6479282150198899E-009
  -83.900000000000006       -6.5693380334373984E-009
  -83.799999999999997       -7.5650188329364506E-009
  -83.699999999999989       -8.6143153227629796E-009
  -83.599999999999994       -9.7436639180100511E-009
  -83.500000000000000       -1.0932041403122206E-008
  -83.400000000000006       -1.2207723693150900E-008
  -83.300000000000011       -1.3549067184147267E-008
  -83.200000000000003       -1.4986089969792500E-008
  -83.099999999999994       -1.6496385979325562E-008
  -83.000000000000000       -1.8111717429251022E-008
  -82.900000000000006       -1.9808837584296542E-008
  -82.799999999999997       -2.1621311812055187E-008
  -82.699999999999989       -2.3525006239274740E-008
  -82.599999999999994       -2.5555378999771799E-008
  -82.500000000000000       -2.7687376765661730E-008
  -82.400000000000006       -2.9958457079182552E-008
  -82.300000000000011       -3.2342620783863770E-008
  -82.200000000000003       -3.4879442594377809E-008
  -82.099999999999994       -3.7541953696481365E-008
  -82.000000000000000       -4.0371972718551235E-008
  -81.900000000000006       -4.3341538679131671E-008
  -81.799999999999997       -4.6494849330490301E-008
  -81.699999999999989       -4.9802929975099630E-008
  -81.599999999999994       -5.3312501310393489E-008
  -81.500000000000000       -5.6993554299961793E-008
  -81.400000000000006       -6.0895485407909735E-008
  -81.300000000000011       -6.4987231632590611E-008
  -81.200000000000003       -6.9321027507876397E-008
  -81.099999999999994       -7.3864737548484650E-008
  -81.000000000000000       -7.8673606663931589E-008
  -80.900000000000006       -8.3714409584132852E-008
  -80.799999999999997       -8.9045584447573164E-008
  -80.699999999999989       -9.4632800231506426E-008
  -80.599999999999994       -1.0053788226859800E-007
  -80.500000000000000       -1.0672537924783908E-007
  -80.400000000000006       -1.1326070933963433E-007
  -80.300000000000011       -1.2010728793037523E-007
  -80.200000000000003       -1.2733434393607032E-007
  -80.099999999999994       -1.3490414801882836E-007
  -80.000000000000000       -1.4288997059124327E-007
  -79.900000000000006       -1.5125292779947770E-007
  -79.799999999999997       -1.6007057572899935E-007
  -79.699999999999989       -1.6930286787311027E-007
  -79.599999999999994       -1.7903190416090879E-007
  -79.500000000000000       -1.8921646891241552E-007
  -79.400000000000006       -1.9994347862858645E-007
  -79.300000000000011       -2.1117054347533288E-007
  -79.200000000000003       -2.2298968433836365E-007
  -79.099999999999994       -2.3535733365450707E-007
  -79.000000000000000       -2.4837092009429027E-007
  -78.900000000000006       -2.6198569597937023E-007
  -78.799999999999997       -2.7630481719962021E-007
  -78.699999999999989       -2.9128235446973611E-007
  -78.599999999999994       -3.0702752676628121E-007
  -78.500000000000000       -3.2349322219717861E-007
  -78.400000000000006       -3.4079507544192918E-007
  -78.300000000000011       -3.5888479096749205E-007
  -78.200000000000003       -3.7788478875111006E-007
  -78.099999999999994       -3.9774558789162055E-007
  -78.000000000000000       -4.1859678035864267E-007
  -77.900000000000006       -4.4038769662694059E-007
  -77.799999999999997       -4.6325550443583109E-007
  -77.699999999999989       -4.8714833984878617E-007
  -77.599999999999994       -5.1221136706670002E-007
  -77.500000000000000       -5.3839151817644251E-007
  -77.400000000000006       -5.6584239110592187E-007
  -77.300000000000011       -5.9450969915779495E-007
  -77.200000000000003       -6.2455592725896277E-007
  -77.099999999999994       -6.5592554812481451E-007
  -77.000000000000000       -6.8879040216370478E-007
  -76.900000000000006       -7.2309369063328544E-007
  -76.799999999999997       -7.5901709205575882E-007
  -76.699999999999989       -7.9650249389090974E-007
  -76.599999999999994       -8.3574190816522551E-007
  -76.500000000000000       -8.7667585192704873E-007
  -76.400000000000006       -9.1950717713908581E-007
  -76.300000000000011       -9.6417495632321805E-007
  -76.200000000000003       -1.0108933967484475E-006
  -76.099999999999994       -1.0596000311111464E-006
  -76.000000000000000       -1.1105209437558861E-006
  -75.900000000000006       -1.1635920068496651E-006
  -75.799999999999997       -1.2190517069991347E-006
  -75.699999999999989       -1.2768341049818226E-006
  -75.599999999999994       -1.3371906147763547E-006
  -75.500000000000000       -1.4000532994008734E-006
  -75.400000000000006       -1.4656870212068203E-006
  -75.300000000000011       -1.5340216175812942E-006
  -75.200000000000003       -1.6053359115300243E-006
  -75.099999999999994       -1.6795572387919155E-006
  -75.000000000000000       -1.7569788813976263E-006
  -74.900000000000006       -1.8375253418995455E-006
  -74.799999999999997       -1.9215048399713194E-006
  -74.699999999999989       -2.0088386498770849E-006
  -74.599999999999994       -2.0998503813151957E-006
  -74.500000000000000       -2.1944576127770217E-006
  -74.400000000000006       -2.2929997630268865E-006
  -74.300000000000011       -2.3953901653736044E-006
  -74.200000000000003       -2.5019844255893783E-006
  -74.099999999999994       -2.6126909902324840E-006
  -74.000000000000000       -2.7278819805391217E-006
  -73.900000000000006       -2.8474602116531217E-006
  -73.799999999999997       -2.9718145903231573E-006
  -73.699999999999989       -3.1008414409746270E-006
  -73.599999999999994       -3.2349466580665029E-006
  -73.500000000000000       -3.3740190892511960E-006
  -73.400000000000006       -3.5184817412192850E-006
  -73.300000000000011       -3.6682148595119040E-006
  -73.200000000000003       -3.8236585997852688E-006
  -73.099999999999994       -3.9846833280364968E-006
  -73.000000000000000       -4.1517462875997538E-006
  -72.900000000000006       -4.3247065224700110E-006
  -72.799999999999997       -4.5040381941948106E-006
  -72.699999999999989       -4.6895874044861220E-006
  -72.599999999999994       -4.8818449456596111E-006
  -72.500000000000000       -5.0806421665573138E-006
  -72.400000000000006       -5.2864860756133261E-006
  -72.300000000000011       -5.4991912561837514E-006
  -72.200000000000003       -5.7192803826719993E-006
  -72.099999999999994       -5.9465490475663003E-006
  -72.000000000000000       -6.1815348986228913E-006
  -71.900000000000006       -6.4240120900309051E-006
  -71.799999999999997       -6.6745324025646845E-006
  -71.699999999999989       -6.9328458752268519E-006
  -71.599999999999994       -7.1995174306959233E-006
  -71.500000000000000       -7.4742700813776606E-006
  -71.400000000000006       -7.7576807496141199E-006
  -71.300000000000011       -8.0494422731472659E-006
  -71.200000000000003       -8.3501422834619998E-006
  -71.099999999999994       -8.6594400601601169E-006
  -71.000000000000000       -8.9779325117384263E-006
  -70.900000000000006       -9.3052417460013890E-006
  -70.799999999999997       -9.6419723857229192E-006
  -70.699999999999989       -9.9877055328712677E-006
  -70.599999999999994       -1.0343051847072687E-005
  -70.500000000000000       -1.0707547384932900E-005
  -70.400000000000006       -1.1081807072165385E-005
  -70.300000000000011       -1.1465317695392981E-005
  -70.200000000000003       -1.1858696609669809E-005
  -70.099999999999994       -1.2261376948434402E-005
  -70.000000000000000       -1.2673976626962758E-005
  -69.900000000000006       -1.3095870616532137E-005
  -69.799999999999997       -1.3527675531533184E-005
  -69.699999999999989       -1.3968703585766667E-005
  -69.599999999999994       -1.4419568286789422E-005
  -69.500000000000000       -1.4879514455330340E-005
  -69.400000000000006       -1.5349150795413396E-005
  -69.300000000000011       -1.5827650111486877E-005
  -69.200000000000003       -1.6315614777369836E-005
  -69.099999999999994       -1.6812141029226309E-005
  -69.000000000000000       -1.7317823621116282E-005
  -68.900000000000006       -1.7831677804677987E-005
  -68.799999999999997       -1.8354289734525499E-005
  -68.699999999999989       -1.8884589466631127E-005
  -68.599999999999994       -1.9423153963835130E-005
  -68.500000000000000       -1.9968824153508160E-005
  -68.400000000000006       -2.0522167682836282E-005
  -68.300000000000011       -2.1081932771193324E-005
  -68.200000000000003       -2.1648678177765471E-005
  -68.099999999999994       -2.2221056264095826E-005
  -68.000000000000000       -2.2799617963944044E-005
  -67.900000000000006       -2.3382917135335342E-005
  -67.799999999999997       -2.3971498665600916E-005
  -67.699999999999989       -2.4563815838842804E-005
  -67.599999999999994       -2.5160410068867517E-005
  -67.500000000000000       -2.5759632635638234E-005
  -67.400000000000006       -2.6362024917116462E-005
  -67.300000000000011       -2.6965835455520717E-005
  -67.200000000000003       -2.7571609957086559E-005
  -67.099999999999994       -2.8177494234415500E-005
  -67.000000000000000       -2.8784043662327525E-005
  -66.900000000000006       -2.9389302104813451E-005
  -66.799999999999997       -2.9993840957092536E-005
  -66.699999999999989       -3.0595603703199608E-005
  -66.599999999999994       -3.1195185140384281E-005
  -66.500000000000000       -3.1790430724922226E-005
  -66.400000000000006       -3.2381967066679042E-005
  -66.300000000000011       -3.2967544705143598E-005
  -66.200000000000003       -3.3547831480479245E-005
  -66.099999999999994       -3.4120486838140431E-005
  -66.000000000000000       -3.4686230229120985E-005
  -65.900000000000006       -3.5242634469147690E-005
  -65.799999999999997       -3.5790481896108698E-005
  -65.699999999999989       -3.6327263708209505E-005
  -65.599999999999994       -3.6853837211576854E-005
  -65.500000000000000       -3.7367617430454030E-005
  -65.400000000000006       -3.7869549412898856E-005
  -65.300000000000011       -3.8356977745580378E-005
  -65.200000000000003       -3.8830948551122711E-005
  -65.099999999999994       -3.9288741850311386E-005
  -65.000000000000000       -3.9731518579840402E-005
  -64.900000000000006       -4.0156500026957610E-005
  -64.799999999999997       -4.0564975921376691E-005
  -64.699999999999989       -4.0954114422644145E-005
  -64.599999999999994       -4.1325348093668102E-005
  -64.500000000000000       -4.1675797149751891E-005
  -64.400000000000006       -4.2007050902788054E-005
  -64.300000000000011       -4.2316186185619168E-005
  -64.200000000000003       -4.2604962663933588E-005
  -64.099999999999994       -4.2870417530896441E-005
  -64.000000000000000       -4.3114493916658157E-005
  -63.899999999999999       -4.3334192108464209E-005
  -63.799999999999997       -4.3531651143609918E-005
  -63.700000000000003       -4.3703835951579543E-005
  -63.600000000000001       -4.3853093092848583E-005
  -63.500000000000000       -4.3976352342965907E-005
  -63.399999999999999       -4.4076178436214483E-005
  -63.299999999999997       -4.4149464718872705E-005
  -63.200000000000003       -4.4199003670321847E-005
  -63.100000000000001       -4.4221649345660577E-005
  -63.000000000000000       -4.4220430375890077E-005
  -62.899999999999999       -4.4192157000115755E-005
  -62.799999999999997       -4.4140101189378715E-005
  -62.700000000000003       -4.4061023136631727E-005
  -62.600000000000001       -4.3958444103319381E-005
  -62.500000000000000       -4.3829066292550405E-005
  -62.399999999999999       -4.3676664983436934E-005
  -62.299999999999997       -4.3497874759656211E-005
  -62.200000000000003       -4.3296728471342351E-005
  -62.100000000000001       -4.3069781828361671E-005
  -62.000000000000000       -4.2821327713150726E-005
  -61.899999999999999       -4.2547830176178152E-005
  -61.799999999999997       -4.2253843613130914E-005
  -61.700000000000003       -4.1935726220385312E-005
  -61.600000000000001       -4.1598294546833115E-005
  -61.500000000000000       -4.1237785477586170E-005
  -61.399999999999999       -4.0859277673666412E-005
  -61.299999999999997       -4.0458870156454159E-005
  -61.200000000000003       -4.0041903154851536E-005
  -61.100000000000001       -3.9604320360435786E-005
  -61.000000000000000       -3.9151722711616225E-005
  -60.899999999999999       -3.8679880381040584E-005
  -60.799999999999997       -3.8194654038222155E-005
  -60.700000000000003       -3.7691621619645381E-005
  -60.600000000000001       -3.7176902622042177E-005
  -60.500000000000000       -3.6645863692979941E-005
  -60.399999999999999       -3.6104882515474786E-005
  -60.299999999999997       -3.5549095245996767E-005
  -60.200000000000003       -3.4985137553427000E-005
  -60.100000000000001       -3.4407895926492443E-005
  -60.000000000000000       -3.3824264422104377E-005
  -59.899999999999999       -3.3228860870378205E-005
  -59.799999999999997       -3.2628838863962268E-005
  -59.700000000000003       -3.2018528911493308E-005
  -59.600000000000001       -3.1405346154988423E-005
  -59.500000000000000       -3.0783315568967448E-005
  -59.399999999999999       -3.0160116820639871E-005
  -59.299999999999997       -2.9529451689514769E-005
  -59.200000000000003       -2.8899268376144200E-005
  -59.100000000000001       -2.8262928435644593E-005
  -59.000000000000000       -2.7628653686571588E-005
  -58.899999999999999       -2.6989449120667091E-005
  -58.799999999999997       -2.6353816352859728E-005
  -58.700000000000003       -2.5714388202858468E-005
  -58.600000000000001       -2.5079953346613118E-005
  -58.500000000000000       -2.4442757574526207E-005
  -58.399999999999999       -2.3811884943377217E-005
  -58.299999999999997       -2.3179180113647791E-005
  -58.200000000000003       -2.2554031844385789E-005
  -58.100000000000001       -2.1927870316473588E-005
  -58.000000000000000       -2.1310399240572599E-005
  -57.899999999999999       -2.0692621701622557E-005
  -57.799999999999997       -2.0084567448437396E-005
  -57.700000000000003       -1.9476800563817472E-005
  -57.600000000000001       -1.8879688652462444E-005
  -57.500000000000000       -1.8283345571746783E-005
  -57.399999999999999       -1.7698489211938245E-005
  -57.299999999999997       -1.7114772636696504E-005
  -57.200000000000003       -1.6543276934625342E-005
  -57.100000000000001       -1.5973184437474067E-005
  -57.000000000000000       -1.5415952688968601E-005
  -56.899999999999999       -1.4860283959976342E-005
  -56.799999999999997       -1.4318025706178809E-005
  -56.700000000000003       -1.3777391405635720E-005
  -56.600000000000001       -1.3250631931881745E-005
  -56.500000000000000       -1.2725463832520235E-005
  -56.399999999999999       -1.2214554799380865E-005
  -56.299999999999997       -1.1705116913821376E-005
  -56.200000000000003       -1.1210247824755097E-005
  -56.100000000000001       -1.0716648234948359E-005
  -56.000000000000000       -1.0237858466051472E-005
  -55.899999999999999       -9.7600615906800672E-006
  -55.799999999999997       -9.2972527327644794E-006
  -55.700000000000003       -8.8350917938561475E-006
  -55.600000000000001       -8.3880400801089146E-006
  -55.500000000000000       -7.9412295589449112E-006
  -55.399999999999999       -7.5095981812006478E-006
  -55.299999999999997       -7.0777460787514288E-006
  -55.200000000000003       -6.6610972219568665E-006
  -55.100000000000001       -6.2437169667548291E-006
  -55.000000000000000       -5.8415234184997519E-006
  -54.899999999999999       -5.4380452937098968E-006
  -54.799999999999997       -5.0497015117581616E-006
  -54.700000000000003       -4.6594834962475499E-006
  -54.600000000000001       -4.2843160424769763E-006
  -54.500000000000000       -3.9066539848910432E-006
  -54.399999999999999       -3.5439312559490170E-006
  -54.299999999999997       -3.1780683246568190E-006
  -54.200000000000003       -2.8270095316015265E-006
  -54.100000000000001       -2.4721449004703017E-006
  -54.000000000000000       -2.1319282668636455E-006
  -53.899999999999999       -1.7872250149982863E-006
  -53.799999999999997       -1.4569951807994230E-006
  -53.700000000000003       -1.1215874023595558E-006
  -53.600000000000001       -8.0046203370835854E-007
  -53.500000000000000       -4.7346115946628563E-007
  -53.399999999999999       -1.6053677787173453E-007
  -53.299999999999997        1.5896287063719708E-007
  -53.200000000000003        4.6460581920876880E-007
  -53.100000000000001        7.7752221983734437E-007
  -53.000000000000000        1.0768150252408633E-006
  -52.899999999999999        1.3840743557801907E-006
  -52.799999999999997        1.6779563974431331E-006
  -52.700000000000003        1.9804896122561596E-006
  -52.600000000000001        2.2699053648751867E-006
  -52.500000000000000        2.5686454059234130E-006
  -52.399999999999999        2.8545420577312854E-006
  -52.299999999999997        3.1504216572415548E-006
  -52.200000000000003        3.4337472911064987E-006
  -52.100000000000001        3.7276973237148166E-006
  -52.000000000000000        4.0093996204790573E-006
  -51.899999999999999        4.3023479607395951E-006
  -51.799999999999997        4.5833733742855723E-006
  -51.700000000000003        4.8762442194776287E-006
  -51.600000000000001        5.1575375823841332E-006
  -51.500000000000000        5.4512511985617540E-006
  -51.399999999999999        5.7337557156340326E-006
  -51.299999999999997        6.0292285663268856E-006
  -51.200000000000003        6.3138861520064810E-006
  -51.100000000000001        6.6120313796013908E-006
  -51.000000000000000        6.8997833036486389E-006
  -50.899999999999999        7.2015115224632089E-006
  -50.799999999999997        7.4932993242263047E-006
  -50.700000000000003        7.7995197020291864E-006
  -50.600000000000001        8.0962863406431368E-006
  -50.500000000000000        8.4079079372664036E-006
  -50.399999999999999        8.7105991488225367E-006
  -50.299999999999997        9.0285324877566256E-006
  -50.200000000000003        9.3380983155243459E-006
  -50.100000000000001        9.6632571690627010E-006
  -50.000000000000000        9.9806536475270918E-006
  -49.899999999999999        1.0313957015639099E-005
  -49.799999999999997        1.0640147979584601E-005
  -49.700000000000003        1.0982522245529785E-005
  -49.600000000000001        1.1318481244302022E-005
  -49.500000000000000        1.1670862499029107E-005
  -49.399999999999999        1.2017574802473797E-005
  -49.299999999999997        1.2380911320339792E-005
  -49.200000000000003        1.2739375993903111E-005
  -49.100000000000001        1.3114630855414533E-005
  -49.000000000000000        1.3485862896804719E-005
  -48.899999999999999        1.3874016750998563E-005
  -48.799999999999997        1.4259049274708886E-005
  -48.700000000000003        1.4661103233002720E-005
  -48.600000000000001        1.5060989696208906E-005
  -48.500000000000000        1.5477968357536906E-005
  -48.399999999999999        1.5893784817230120E-005
  -48.299999999999997        1.6326739420206344E-005
  -48.200000000000003        1.6759586826407403E-005
  -48.100000000000001        1.7209598524779933E-005
  -48.000000000000000        1.7660605047844594E-005
  -47.899999999999999        1.8128788312818313E-005
  -47.799999999999997        1.8599111712427675E-005
  -47.700000000000003        1.9086617887204695E-005
  -47.600000000000001        1.9577447982601985E-005
  -47.500000000000000        2.0085469059919180E-005
  -47.399999999999999        2.0598030452917025E-005
  -47.299999999999997        2.1127803376237764E-005
  -47.200000000000003        2.1663358990594541E-005
  -47.100000000000001        2.2216171466385051E-005
  -47.000000000000000        2.2776028672488778E-005
  -46.899999999999999        2.3353229653788423E-005
  -46.799999999999997        2.3938754447862609E-005
  -46.700000000000003        2.4541778690492499E-005
  -46.600000000000001        2.5154433617537174E-005
  -46.500000000000000        2.5784866391619599E-005
  -46.399999999999999        2.6426314234882399E-005
  -46.299999999999997        2.7086063146420941E-005
  -46.200000000000003        2.7758439858557883E-005
  -46.100000000000001        2.8450170998667381E-005
  -46.000000000000000        2.9156759381626533E-005
  -45.899999999999999        2.9884929493821365E-005
  -45.799999999999997        3.0631693265150933E-005
  -45.700000000000003        3.1404788561850644E-005
  -45.600000000000001        3.2203543945075597E-005
  -45.500000000000000        3.3038447486123166E-005
  -45.399999999999999        3.3912685381774741E-005
  -45.299999999999997        3.4842120812568868E-005
  -45.200000000000003        3.5836133865713287E-005
  -45.100000000000001        3.6919139648381180E-005
  -45.000000000000000        3.8109202012077548E-005
  -44.899999999999999        3.9441515088210587E-005
  -44.799999999999997        4.0943430753850853E-005
  -44.700000000000003        4.2659016006441838E-005
  -44.600000000000001        4.4619928205404656E-005
  -44.500000000000000        4.6868925048540432E-005
  -44.399999999999999        4.9427515540740828E-005
  -44.299999999999997        5.2316973003376531E-005
  -44.200000000000003        5.5525106726520330E-005
  -44.100000000000001        5.9028180309266119E-005
  -44.000000000000000        6.2758374408215841E-005
  -43.899999999999999        6.6638886954606421E-005
  -43.799999999999997        7.0548122795947689E-005
  -43.700000000000003        7.4386784712902095E-005
  -43.600000000000001        7.8024955195790977E-005
  -43.500000000000000        8.1412491141631433E-005
  -43.399999999999999        8.4488702302720666E-005
  -43.299999999999997        8.7320786948081743E-005
  -43.200000000000003        8.9966049197458931E-005
  -43.100000000000001        9.2596426504699660E-005
  -43.000000000000000        9.5333955097169420E-005
  -42.899999999999999        9.8331946476665438E-005
  -42.799999999999997        1.0163085813785972E-004
  -42.700000000000003        1.0523121106154752E-004
  -42.600000000000001        1.0899513458515328E-004
  -42.500000000000000        1.1279845102519148E-004
  -42.399999999999999        1.1642839235721046E-004
  -42.299999999999997        1.1984695295005868E-004
  -42.200000000000003        1.2299166208883095E-004
  -42.100000000000001        1.2604772038589306E-004
  -42.000000000000000        1.2914232752456688E-004
  -41.899999999999999        1.3250614566481339E-004
  -41.799999999999997        1.3619206162251014E-004
  -41.700000000000003        1.4019859518829491E-004
  -41.600000000000001        1.4431339600560388E-004
  -41.500000000000000        1.4839493583338086E-004
  -41.399999999999999        1.5221322049232045E-004
  -41.299999999999997        1.5585893012048076E-004
  -41.200000000000003        1.5939599173945404E-004
  -41.100000000000001        1.6312576898059862E-004
  -41.000000000000000        1.6717337486414556E-004
  -40.899999999999999        1.7160146158286911E-004
  -40.799999999999997        1.7620395326616687E-004
  -40.700000000000003        1.8080985456618296E-004
  -40.600000000000001        1.8515709533902368E-004
  -40.500000000000000        1.8936304952556950E-004
  -40.399999999999999        1.9354346952795860E-004
  -40.299999999999997        1.9801626431019555E-004
  -40.200000000000003        2.0287978335492199E-004
  -40.100000000000001        2.0807173122938593E-004
  -40.000000000000000        2.1329060454374673E-004
  -39.899999999999999        2.1838168391816274E-004
  -39.799999999999997        2.2323538752064897E-004
  -39.700000000000003        2.2813575993254088E-004
  -39.600000000000001        2.3333417269099442E-004
  -39.500000000000000        2.3896185695335533E-004
  -39.399999999999999        2.4488512023523548E-004
  -39.299999999999997        2.5082860635148376E-004
  -39.200000000000003        2.5654583331222115E-004
  -39.100000000000001        2.6216972342436455E-004
  -39.000000000000000        2.6798176332159607E-004
  -38.899999999999999        2.7420244956692262E-004
  -38.799999999999997        2.8086136743365260E-004
  -38.700000000000003        2.8762906593734122E-004
  -38.600000000000001        2.9423770529640432E-004
  -38.500000000000000        3.0070605506393521E-004
  -38.399999999999999        3.0735904380235166E-004
  -38.299999999999997        3.1440587424810671E-004
  -38.200000000000003        3.2195898505890208E-004
  -38.100000000000001        3.2960772372682987E-004
  -38.000000000000000        3.3712938558664755E-004
  -37.899999999999999        3.4451976807354899E-004
  -37.799999999999997        3.5221595960867178E-004
  -37.700000000000003        3.6032732752194611E-004
  -37.600000000000001        3.6894215109402003E-004
  -37.500000000000000        3.7754140824467635E-004
  -37.399999999999999        3.8602881331722386E-004
  -37.299999999999997        3.9447914675313443E-004
  -37.200000000000003        4.0346518600279779E-004
  -37.100000000000001        4.1286218519393978E-004
  -37.000000000000000        4.2262384291317042E-004
  -36.899999999999999        4.3221152399671548E-004
  -36.799999999999997        4.4181687819707977E-004
  -36.700000000000003        4.5160897587863294E-004
  -36.600000000000001        4.6214710750845065E-004
  -36.500000000000000        4.7293190406584503E-004
  -36.399999999999999        4.8381560229751548E-004
  -36.299999999999997        4.9450384768625754E-004
  -36.200000000000003        5.0560409335545715E-004
  -36.100000000000001        5.1712117983072426E-004
  -36.000000000000000        5.2927557559991891E-004
  -35.899999999999999        5.4134125588578476E-004
  -35.799999999999997        5.5344718669739766E-004
  -35.700000000000003        5.6567994311636910E-004
  -35.600000000000001        5.7875308311558418E-004
  -35.500000000000000        5.9211390947993300E-004
  -35.399999999999999        6.0565098370619290E-004
  -35.299999999999997        6.1902597219816934E-004
  -35.200000000000003        6.3296381347721122E-004
  -35.100000000000001        6.4736534885878236E-004
  -35.000000000000000        6.6237595575317526E-004
  -34.899999999999999        6.7725247179390455E-004
  -34.799999999999997        6.9233989367128990E-004
  -34.700000000000003        7.0776540570420673E-004
  -34.600000000000001        7.2410324863792582E-004
  -34.500000000000000        7.4056832895000411E-004
  -34.399999999999999        7.5713920043654745E-004
  -34.299999999999997        7.7381369048402275E-004
  -34.200000000000003        7.9141187040848401E-004
  -34.100000000000001        8.0941018567961024E-004
  -34.000000000000000        8.2766834378814708E-004
  -33.899999999999999        8.4587623465708561E-004
  -33.799999999999997        8.6482285727176845E-004
  -33.700000000000003        8.8432640882275305E-004
  -33.600000000000001        9.0435477009539274E-004
  -33.500000000000000        9.2431824858606973E-004
  -33.399999999999999        9.4479602614047924E-004
  -33.299999999999997        9.6586812096904212E-004
  -33.200000000000003        9.8770836877951768E-004
  -33.100000000000001        1.0095723604847549E-003
  -33.000000000000000        1.0317828025207686E-003
  -32.899999999999999        1.0545594997226964E-003
  -32.799999999999997        1.0782710434583381E-003
  -32.700000000000003        1.1021383574739173E-003
  -32.600000000000001        1.1262631463781674E-003
  -32.500000000000000        1.1509137280544205E-003
  -32.399999999999999        1.1765931101171943E-003
  -32.299999999999997        1.2025594327578180E-003
  -32.200000000000003        1.2287550118336248E-003
  -32.100000000000001        1.2554547231532571E-003
  -32.000000000000000        1.2832311845170652E-003
  -31.899999999999999        1.3114028873368862E-003
  -31.800000000000001        1.3398093876797990E-003
  -31.700000000000003        1.3687293427735961E-003
  -31.600000000000001        1.3987534838990551E-003
  -31.500000000000000        1.4292509173599688E-003
  -31.399999999999999        1.4600028752761282E-003
  -31.299999999999997        1.4913108431381227E-003
  -31.199999999999999        1.5237443012237088E-003
  -31.100000000000001        1.5566978309078223E-003
  -31.000000000000000        1.5899327737531773E-003
  -30.899999999999999        1.6237982802754845E-003
  -30.800000000000001        1.6588056361343802E-003
  -30.700000000000003        1.6943497604560290E-003
  -30.600000000000001        1.7302152110408200E-003
  -30.500000000000000        1.7668148770774474E-003
  -30.399999999999999        1.8045564679694856E-003
  -30.299999999999997        1.8428253998649111E-003
  -30.199999999999999        1.8814858437559427E-003
  -30.100000000000001        1.9210058578341734E-003
  -30.000000000000000        1.9616305441745537E-003
  -29.899999999999999        2.0027585050372597E-003
  -29.800000000000001        2.0444020702649196E-003
  -29.700000000000003        2.0870344145600423E-003
  -29.600000000000001        2.1306744709813337E-003
  -29.500000000000000        2.1748041074146534E-003
  -29.399999999999999        2.2196445942890180E-003
  -29.299999999999997        2.2655740220540177E-003
  -29.199999999999999        2.3123486675770016E-003
  -29.100000000000001        2.3596493752918494E-003
  -29.000000000000000        2.4079154707092759E-003
  -28.899999999999999        2.4572980332449351E-003
  -28.800000000000001        2.5073342498285658E-003
  -28.700000000000003        2.5580250058250043E-003
  -28.600000000000001        2.6099294954108959E-003
  -28.500000000000000        2.6628743996733959E-003
  -28.399999999999999        2.7163472993359133E-003
  -28.299999999999997        2.7707046769233543E-003
  -28.199999999999999        2.8264004201310369E-003
  -28.100000000000001        2.8829808397729541E-003
  -28.000000000000000        2.9401533135739225E-003
  -27.899999999999999        2.9984763470259235E-003
  -27.800000000000001        3.0580345860071159E-003
  -27.700000000000003        3.1183507736779609E-003
  -27.600000000000001        3.1795634719460095E-003
  -27.500000000000000        3.2420873043477777E-003
  -27.399999999999999        3.3055513809527376E-003
  -27.299999999999997        3.3698260802012703E-003
  -27.199999999999999        3.4353963789276738E-003
  -27.100000000000001        3.5022122070410668E-003
  -27.000000000000000        3.5697336074487092E-003
  -26.899999999999999        3.6383433143712422E-003
  -26.800000000000001        3.7084227005658092E-003
  -26.700000000000003        3.7795236492196211E-003
  -26.600000000000001        3.8514618654867114E-003
  -26.500000000000000        3.9247961530900020E-003
  -26.399999999999999        3.9993617840746133E-003
  -26.299999999999997        4.0748581374016012E-003
  -26.199999999999999        4.1516561316687559E-003
  -26.100000000000001        4.2298782783785844E-003
  -26.000000000000000        4.3089807553981143E-003
  -25.899999999999999        4.3892679313229698E-003
  -25.800000000000001        4.4711368458839884E-003
  -25.700000000000003        4.5541736373719581E-003
  -25.600000000000001        4.6381927207626936E-003
  -25.500000000000000        4.7237401397318881E-003
  -25.399999999999999        4.8105880068424036E-003
  -25.299999999999997        4.8985182345445836E-003
  -25.199999999999999        4.9879527533292440E-003
  -25.100000000000001        5.0788654502392141E-003
  -25.000000000000000        5.1707493650562462E-003
  -24.899999999999999        5.2640580741157303E-003
  -24.800000000000001        5.3589796140214993E-003
  -24.700000000000003        5.4551132216030208E-003
  -24.600000000000001        5.5525559907525102E-003
  -24.500000000000000        5.6516259854858019E-003
  -24.399999999999999        5.7519216390282575E-003
  -24.299999999999997        5.8534666491530723E-003
  -24.199999999999999        5.9566984887622588E-003
  -24.100000000000001        6.0614450477201260E-003
  -24.000000000000000        6.1672375826304828E-003
  -23.899999999999999        6.2749104215835787E-003
  -23.800000000000001        6.3841780567258409E-003
  -23.700000000000003        6.4942026149204454E-003
  -23.600000000000001        6.6062521941683740E-003
  -23.500000000000000        6.7196323683851589E-003
  -23.399999999999999        6.8336852655466835E-003
  -23.299999999999997        6.9506506847451894E-003
  -23.199999999999999        7.0688164213510898E-003
  -23.100000000000001        7.1879309110542498E-003
  -23.000000000000000        7.3093603083570447E-003
  -22.899999999999999        7.4311972773265043E-003
  -22.800000000000001        7.5544434438173189E-003
  -22.700000000000003        7.6802498031451208E-003
  -22.600000000000001        7.8074512599012481E-003
  -22.500000000000000        7.9355295180863865E-003
  -22.399999999999999        8.0650977028996120E-003
  -22.299999999999997        8.1966795294109076E-003
  -22.199999999999999        8.3295497718836407E-003
  -22.100000000000001        8.4641734533740555E-003
  -22.000000000000000        8.5996681383893898E-003
  -21.899999999999999        8.7367441066626313E-003
  -21.800000000000001        8.8760640449773182E-003
  -21.700000000000003        9.0162239926301086E-003
  -21.600000000000001        9.1574424778883261E-003
  -21.500000000000000        9.3007827338828040E-003
  -21.399999999999999        9.4453667862165955E-003
  -21.299999999999997        9.5909181262405826E-003
  -21.199999999999999        9.7384344911561026E-003
  -21.100000000000001        9.8869145530204282E-003
  -21.000000000000000        1.0037066960589909E-002
  -20.899999999999999        1.0188399699164420E-002
  -20.800000000000001        1.0340873541340567E-002
  -20.700000000000003        1.0494895022195002E-002
  -20.600000000000001        1.0649762265205627E-002
  -20.500000000000000        1.0806360950787141E-002
  -20.399999999999999        1.0963546658198731E-002
  -20.299999999999997        1.1122470654718580E-002
  -20.199999999999999        1.1282196568443852E-002
  -20.100000000000001        1.1442926788283498E-002
  -20.000000000000000        1.1605322040711942E-002
  -19.899999999999999        1.1767755824234680E-002
  -19.800000000000001        1.1932233335592289E-002
  -19.700000000000003        1.2097203770159482E-002
  -19.600000000000001        1.2264389042934544E-002
  -19.500000000000000        1.2433071167583621E-002
  -19.399999999999999        1.2603225652009107E-002
  -19.299999999999997        1.2775469136509269E-002
  -19.199999999999999        1.2948700064766727E-002
  -19.100000000000001        1.3124125000531150E-002
  -19.000000000000000        1.3300438302478462E-002
  -18.899999999999999        1.3478549321526281E-002
  -18.800000000000001        1.3657811947861018E-002
  -18.700000000000003        1.3838242603785312E-002
  -18.600000000000001        1.4020164575057462E-002
  -18.500000000000000        1.4202755311594997E-002
  -18.399999999999999        1.4386973482770403E-002
  -18.299999999999997        1.4571642159978436E-002
  -18.199999999999999        1.4757793172685591E-002
  -18.100000000000001        1.4944444576409538E-002
  -18.000000000000000        1.5132145506378444E-002
  -17.899999999999999        1.5320584629058770E-002
  -17.800000000000001        1.5509254591265032E-002
  -17.700000000000003        1.5699268791025886E-002
  -17.600000000000001        1.5888643543082961E-002
  -17.500000000000000        1.6079591340111277E-002
  -17.399999999999999        1.6269222666506378E-002
  -17.299999999999997        1.6460398054947832E-002
  -17.199999999999999        1.6649708774701642E-002
  -17.100000000000001        1.6840788285393590E-002
  -17.000000000000000        1.7029957673407928E-002
  -16.899999999999999        1.7219984003819726E-002
  -16.800000000000001        1.7408868866067892E-002
  -16.700000000000003        1.7597092961835713E-002
  -16.600000000000001        1.7784690072858510E-002
  -16.500000000000000        1.7970949353487406E-002
  -16.399999999999999        1.8156116946274965E-002
  -16.299999999999997        1.8340037259668304E-002
  -16.199999999999999        1.8522027763759788E-002
  -16.100000000000001        1.8702732635605540E-002
  -16.000000000000000        1.8881173763263405E-002
  -15.900000000000000        1.9057646766308067E-002
  -15.800000000000001        1.9232107821924780E-002
  -15.699999999999999        1.9403675875288965E-002
  -15.600000000000000        1.9573232036902834E-002
  -15.500000000000000        1.9739514713967052E-002
  -15.400000000000000        1.9902947121398337E-002
  -15.300000000000001        2.0063270318623455E-002
  -15.199999999999999        2.0219605911759728E-002
  -15.100000000000000        2.0372771758503657E-002
  -15.000000000000000        2.0521501870940456E-002
  -14.900000000000000        2.0666228008328177E-002
  -14.800000000000001        2.0806831169472871E-002
  -14.699999999999999        2.0942353819888550E-002
  -14.600000000000000        2.1073686056380353E-002
  -14.500000000000000        2.1199594644268620E-002
  -14.400000000000000        2.1320207937576295E-002
  -14.300000000000001        2.1435605011242254E-002
  -14.199999999999999        2.1544559515482304E-002
  -14.100000000000000        2.1647956303079152E-002
  -14.000000000000000        2.1744852771652046E-002
  -13.900000000000000        2.1835050441159055E-002
  -13.800000000000001        2.1919117548497111E-002
  -13.699999999999999        2.1995683770914900E-002
  -13.600000000000000        2.2065415671000434E-002
  -13.500000000000000        2.2127818905970688E-002
  -13.400000000000000        2.2182002150971467E-002
  -13.300000000000001        2.2228852605674844E-002
  -13.199999999999999        2.2267175206769248E-002
  -13.100000000000000        2.2297149602319054E-002
  -13.000000000000000        2.2319179054717381E-002
  -12.900000000000000        2.2331979496078090E-002
  -12.800000000000001        2.2336370151157182E-002
  -12.699999999999999        2.2331795766954370E-002
  -12.600000000000000        2.2317441378804675E-002
  -12.500000000000000        2.2294295700866367E-002
  -12.400000000000000        2.2261270443327340E-002
  -12.300000000000001        2.2218504136854923E-002
  -12.199999999999999        2.2166693182344998E-002
  -12.100000000000000        2.2104565591038856E-002
  -12.000000000000000        2.2032833685100540E-002
  -11.900000000000000        2.1951447017351994E-002
  -11.800000000000001        2.1859347357657349E-002
  -11.699999999999999        2.1757713376035912E-002
  -11.600000000000000        2.1646065715555378E-002
  -11.500000000000000        2.1524024253119407E-002
  -11.400000000000000        2.1392831993013194E-002
  -11.300000000000001        2.1251508941752401E-002
  -11.199999999999999        2.1100093113238166E-002
  -11.100000000000000        2.0939572058042581E-002
  -11.000000000000000        2.0768878102043333E-002
  -10.900000000000000        2.0588772425955672E-002
  -10.800000000000001        2.0400119754987595E-002
  -10.699999999999999        2.0201892928812359E-002
  -10.600000000000000        1.9995083369076797E-002
  -10.500000000000000        1.9780083109698299E-002
  -10.400000000000000        1.9555930332211729E-002
  -10.300000000000001        1.9324033937873360E-002
  -10.199999999999999        1.9084787064014327E-002
  -10.100000000000000        1.8837514609732476E-002
  -10.000000000000000        1.8583691500124615E-002
  -9.9000000000000004        1.8323330762124255E-002
  -9.8000000000000007        1.8055725309600864E-002
  -9.6999999999999993        1.7782533683985580E-002
  -9.5999999999999996        1.7503961046945234E-002
  -9.5000000000000000        1.7219555084776742E-002
  -9.4000000000000004        1.6930963297740215E-002
  -9.3000000000000007        1.6638149132205151E-002
  -9.1999999999999993        1.6340433881469160E-002
  -9.0999999999999996        1.6039552715278016E-002
  -9.0000000000000000        1.5735881901554300E-002
  -8.9000000000000004        1.5428829026351428E-002
  -8.8000000000000007        1.5119963551440426E-002
  -8.6999999999999993        1.4809576271604809E-002
  -8.5999999999999996        1.4496741597274092E-002
  -8.5000000000000000        1.4183021352957230E-002
  -8.4000000000000004        1.3869388371493178E-002
  -8.3000000000000007        1.3554860929996306E-002
  -8.1999999999999993        1.3240392066204152E-002
  -8.0999999999999996        1.2927058593866458E-002
  -8.0000000000000000        1.2613875570100998E-002
  -7.9000000000000004        1.2301531455828369E-002
  -7.7999999999999998        1.1991759205584634E-002
  -7.6999999999999993        1.1683676574440137E-002
  -7.5999999999999996        1.1376810185329525E-002
  -7.5000000000000000        1.1072933264039710E-002
  -7.4000000000000004        1.0772193546139562E-002
  -7.3000000000000007        1.0473661302458971E-002
  -7.2000000000000002        1.0178545869116342E-002
  -7.0999999999999996        9.8875768720070745E-003
  -7.0000000000000000        9.5995083103023460E-003
  -6.9000000000000004        9.3148076973251833E-003
  -6.7999999999999998        9.0352359061726482E-003
  -6.6999999999999993        8.7600199181786641E-003
  -6.5999999999999996        8.4879381411896992E-003
  -6.5000000000000000        8.2204987886521520E-003
  -6.4000000000000004        7.9588259662248771E-003
  -6.3000000000000007        7.7014377844122810E-003
  -6.2000000000000002        7.4478630201413069E-003
  -6.0999999999999996        7.1998132996338778E-003
  -6.0000000000000000        6.9575418123571540E-003
  -5.9000000000000004        6.7195200328961152E-003
  -5.7999999999999998        6.4859131956529091E-003
  -5.6999999999999993        6.2582713032102643E-003
  -5.5999999999999996        6.0363239046944284E-003
  -5.5000000000000000        5.8186056163106450E-003
  -5.4000000000000004        5.6054790504556700E-003
  -5.3000000000000007        5.3984445374751742E-003
  -5.2000000000000002        5.1972195997233581E-003
  -5.0999999999999996        5.0001940002513436E-003
  -5.0000000000000000        4.8073830198176468E-003
  -4.9000000000000004        4.6204657143005977E-003
  -4.7999999999999998        4.4397677711977973E-003
  -4.6999999999999993        4.2634635491137045E-003
  -4.5999999999999996        4.0905950301403128E-003
  -4.5000000000000000        3.9227673310806297E-003
  -4.4000000000000004        3.7614157849608127E-003
  -4.3000000000000007        3.6053215259741422E-003
  -4.2000000000000002        3.4525732819711192E-003
  -4.0999999999999996        3.3032739090027201E-003
  -4.0000000000000000        3.1589234647467000E-003
  -3.8999999999999999        3.0205277877841026E-003
  -3.7999999999999998        2.8876129471257402E-003
  -3.7000000000000002        2.7582927246081568E-003
  -3.6000000000000001        2.6312637566361691E-003
  -3.5000000000000000        2.5074561248896246E-003
  -3.3999999999999999        2.3885473094042119E-003
  -3.2999999999999998        2.2754766993286785E-003
  -3.2000000000000002        2.1681384652941604E-003
  -3.1000000000000001        2.0649442777638987E-003
  -3.0000000000000000        1.9641145792485093E-003
  -2.8999999999999999        1.8646614416738649E-003
  -2.7999999999999998        1.7662175760885365E-003
  -2.7000000000000002        1.6693405363361995E-003
  -2.6000000000000001        1.5748148951354630E-003
  -2.5000000000000000        1.4833781836005022E-003
  -2.3999999999999999        1.3956331660863841E-003
  -2.2999999999999998        1.3118434321782268E-003
  -2.2000000000000002        1.2321386225634487E-003
  -2.1000000000000001        1.1564656847976920E-003
  -2.0000000000000000        1.0847189168606973E-003
  -1.8999999999999999        1.0167478275918509E-003
  -1.8000000000000000        9.5238849964634673E-004
  -1.7000000000000002        8.9148087928817867E-004
  -1.6000000000000001        8.3386142484522278E-004
  -1.5000000000000000        7.7938092512496479E-004
  -1.3999999999999999        7.2788807844761428E-004
  -1.2999999999999998        6.7924617274430323E-004
  -1.2000000000000000        6.3331509584298943E-004
  -1.1000000000000001        5.8996363996651337E-004
  -1.0000000000000000        5.4905054270769674E-004
 -0.90000000000000002        5.1042617698471467E-004
 -0.80000000000000004        4.7391346481197983E-004
 -0.69999999999999996        4.3930066833349526E-004
 -0.59999999999999998        4.0632507844665512E-004
 -0.50000000000000000        3.7467988251529662E-004
 -0.40000000000000002        3.4399806641206675E-004
 -0.30000000000000004        3.1371341899777194E-004
 -0.20000000000000001        2.8300893869623284E-004
 -0.10000000000000001        2.5035023126046817E-004
   0.0000000000000000        2.0650020095088406E-004
  0.10000000000000001        5.0377833753150192E-003
  0.20000000000000001        1.0075566750629594E-002
  0.30000000000000004        1.5113350125944613E-002
  0.40000000000000002        2.0151133501259411E-002
  0.50000000000000000        2.5188916876574208E-002
  0.59999999999999998        3.0226700251889227E-002
  0.69999999999999996        3.5264483627204024E-002
  0.80000000000000004        4.0302267002518821E-002
  0.90000000000000002        4.5340050377833618E-002
   1.0000000000000000        5.0377833753148638E-002
   1.1000000000000001        5.5415617128463435E-002
   1.2000000000000000        6.0453400503778232E-002
   1.2999999999999998        6.5491183879093251E-002
   1.3999999999999999        7.0528967254408048E-002
   1.5000000000000000        7.5566750629722845E-002
   1.6000000000000001        8.0604534005037864E-002
   1.7000000000000002        8.5642317380352662E-002
   1.8000000000000000        9.0680100755667459E-002
   1.8999999999999999        9.5717884130982256E-002
   2.0000000000000000       0.10075566750629728     
   2.1000000000000001       0.10579345088161207     
   2.2000000000000002       0.11083123425692687     
   2.2999999999999998       0.11586901763224189     
   2.3999999999999999       0.12090680100755646     
   2.5000000000000000       0.12594458438287148     
   2.6000000000000001       0.13098236775818650     
   2.7000000000000002       0.13602015113350108     
   2.7999999999999998       0.14105793450881610     
   2.8999999999999999       0.14609571788413089     
   3.0000000000000000       0.15113350125944591     
   3.1000000000000001       0.15617128463476071     
   3.2000000000000002       0.16120906801007551     
   3.2999999999999998       0.16624685138539053     
   3.3999999999999999       0.17128463476070510     
   3.5000000000000000       0.17632241813602012     
   3.6000000000000001       0.18136020151133514     
   3.7000000000000002       0.18639798488664971     
   3.7999999999999998       0.19143576826196473     
   3.8999999999999999       0.19647355163727953     
   4.0000000000000000       0.20151133501259433     
   4.0999999999999996       0.20654911838790935     
   4.2000000000000002       0.21158690176322414     
   4.3000000000000007       0.21662468513853894     
   4.4000000000000004       0.22166246851385374     
   4.5000000000000000       0.22670025188916876     
   4.5999999999999996       0.23173803526448356     
   4.6999999999999993       0.23677581863979835     
   4.7999999999999998       0.24181360201511337     
   4.9000000000000004       0.24685138539042817     
   5.0000000000000000       0.25188916876574297     
   5.0999999999999996       0.25692695214105798     
   5.2000000000000002       0.26196473551637278     
   5.3000000000000007       0.26700251889168758     
   5.4000000000000004       0.27204030226700238     
   5.5000000000000000       0.27707808564231740     
   5.5999999999999996       0.28211586901763219     
   5.6999999999999993       0.28715365239294699     
   5.7999999999999998       0.29219143576826201     
   5.9000000000000004       0.29722921914357681     
   6.0000000000000000       0.30226700251889160     
   6.0999999999999996       0.30730478589420662     
   6.2000000000000002       0.31234256926952142     
   6.3000000000000007       0.31738035264483622     
   6.4000000000000004       0.32241813602015101     
   6.5000000000000000       0.32745591939546603     
   6.5999999999999996       0.33249370277078083     
   6.6999999999999993       0.33753148614609563     
   6.7999999999999998       0.34256926952141065     
   6.9000000000000004       0.34760705289672522     
   7.0000000000000000       0.35264483627204024     
   7.0999999999999996       0.35768261964735526     
   7.2000000000000002       0.36272040302266984     
   7.3000000000000007       0.36775818639798485     
   7.4000000000000004       0.37279596977329965     
   7.5000000000000000       0.37783375314861445     
   7.5999999999999996       0.38287153652392947     
   7.6999999999999993       0.38790931989924426     
   7.7999999999999998       0.39294710327455906     
   7.9000000000000004       0.39798488664987386     
   8.0000000000000000       0.40302267002518888     
   8.0999999999999996       0.40806045340050390     
   8.1999999999999993       0.41309823677581847     
   8.3000000000000007       0.41813602015113349     
   8.4000000000000004       0.42317380352644829     
   8.5000000000000000       0.42821158690176309     
   8.5999999999999996       0.43324937027707811     
   8.6999999999999993       0.43828715365239290     
   8.8000000000000007       0.44332493702770770     
   8.9000000000000004       0.44836272040302250     
   9.0000000000000000       0.45340050377833752     
   9.0999999999999996       0.45843828715365231     
   9.1999999999999993       0.46347607052896711     
   9.3000000000000007       0.46851385390428213     
   9.4000000000000004       0.47355163727959693     
   9.5000000000000000       0.47858942065491172     
   9.5999999999999996       0.48362720403022674     
   9.6999999999999993       0.48866498740554154     
   9.8000000000000007       0.49370277078085634     
   9.9000000000000004       0.49874055415617113     
   10.000000000000000       0.50377833753148615     
   10.100000000000000       0.50881612090680095     
   10.199999999999999       0.51385390428211575     
   10.300000000000001       0.51889168765743077     
   10.400000000000000       0.52392947103274534     
   10.500000000000000       0.52896725440806036     
   10.600000000000000       0.53400503778337538     
   10.699999999999999       0.53904282115868996     
   10.800000000000001       0.54408060453400497     
   10.900000000000000       0.54911838790931977     
   11.000000000000000       0.55415617128463479     
   11.100000000000000       0.55919395465994959     
   11.199999999999999       0.56423173803526439     
   11.300000000000001       0.56926952141057940     
   11.400000000000000       0.57430730478589398     
   11.500000000000000       0.57934508816120900     
   11.600000000000000       0.58438287153652402     
   11.699999999999999       0.58942065491183859     
   11.800000000000001       0.59445843828715361     
   11.900000000000000       0.59949622166246841     
   12.000000000000000       0.60453400503778321     
   12.100000000000000       0.60957178841309823     
   12.199999999999999       0.61460957178841280     
   12.300000000000001       0.61964735516372804     
   12.400000000000000       0.62468513853904262     
   12.500000000000000       0.62972292191435764     
   12.600000000000000       0.63476070528967243     
   12.699999999999999       0.63979848866498701     
   12.800000000000001       0.64483627204030247     
   12.900000000000000       0.64987405541561705     
   13.000000000000000       0.65491183879093184     
   13.100000000000000       0.65994962216624686     
   13.199999999999999       0.66498740554156144     
   13.300000000000001       0.67002518891687668     
   13.400000000000000       0.67506297229219125     
   13.500000000000000       0.68010075566750627     
   13.600000000000000       0.68513853904282107     
   13.699999999999999       0.69017632241813565     
   13.800000000000001       0.69521410579345111     
   13.900000000000000       0.70025188916876568     
   14.000000000000000       0.70528967254408048     
   14.100000000000000       0.71032745591939550     
   14.199999999999999       0.71536523929471008     
   14.300000000000001       0.72040302267002532     
   14.400000000000000       0.72544080604533989     
   14.500000000000000       0.73047858942065491     
   14.600000000000000       0.73551637279596971     
   14.699999999999999       0.74055415617128428     
   14.800000000000001       0.74559193954659952     
   14.900000000000000       0.75062972292191410     
   15.000000000000000       0.75566750629722912     
   15.100000000000000       0.76070528967254414     
   15.199999999999999       0.76574307304785871     
   15.300000000000001       0.77078085642317395     
   15.400000000000000       0.77581863979848853     
   15.500000000000000       0.78085642317380333     
   15.600000000000000       0.78589420654911835     
   15.699999999999999       0.79093198992443292     
   15.800000000000001       0.79596977329974816     
   15.900000000000000       0.80100755667506274     
   16.000000000000000       0.80604534005037776     
   16.100000000000001       0.81108312342569278     
   16.199999999999999       0.81612090680100713     
   16.299999999999997       0.82115869017632215     
   16.399999999999999       0.82619647355163717     
   16.500000000000000       0.83123425692695196     
   16.600000000000001       0.83627204030226698     
   16.700000000000003       0.84130982367758200     
   16.800000000000001       0.84634760705289680     
   16.899999999999999       0.85138539042821137     
   17.000000000000000       0.85642317380352639     
   17.100000000000001       0.86146095717884119     
   17.199999999999999       0.86649874055415577     
   17.299999999999997       0.87153652392947079     
   17.399999999999999       0.87657430730478580     
   17.500000000000000       0.88161209068010060     
   17.600000000000001       0.88664987405541562     
   17.700000000000003       0.89168765743073042     
   17.800000000000001       0.89672544080604544     
   17.899999999999999       0.90176322418136001     
   18.000000000000000       0.90680100755667503     
   18.100000000000001       0.91183879093198983     
   18.199999999999999       0.91687657430730440     
   18.299999999999997       0.92191435768261942     
   18.399999999999999       0.92695214105793422     
   18.500000000000000       0.93198992443324924     
   18.600000000000001       0.93702770780856426     
   18.700000000000003       0.94206549118387906     
   18.800000000000001       0.94710327455919407     
   18.899999999999999       0.95214105793450865     
   19.000000000000000       0.95717884130982367     
   19.100000000000001       0.96221662468513847     
   19.199999999999999       0.96725440806045304     
   19.299999999999997       0.97229219143576806     
   19.399999999999999       0.97732997481108286     
   19.500000000000000       0.98236775818639788     
   19.600000000000001       0.98740554156171290     
   19.700000000000003       0.99244332493702769     
   19.800000000000001       0.99748110831234271     
   19.899999999999999        1.0025188916876573     
   20.000000000000000        1.0075566750629723     
   20.100000000000001        1.0125944584382873     
   20.199999999999999        1.0176322418136015     
   20.299999999999997        1.0226700251889165     
   20.399999999999999        1.0277078085642315     
   20.500000000000000        1.0327455919395465     
   20.600000000000001        1.0377833753148615     
   20.700000000000003        1.0428211586901766     
   20.800000000000001        1.0478589420654911     
   20.899999999999999        1.0528967254408057     
   21.000000000000000        1.0579345088161207     
   21.100000000000001        1.0629722921914357     
   21.199999999999999        1.0680100755667503     
   21.299999999999997        1.0730478589420653     
   21.399999999999999        1.0780856423173804     
   21.500000000000000        1.0831234256926949     
   21.600000000000001        1.0881612090680099     
   21.700000000000003        1.0931989924433250     
   21.800000000000001        1.0982367758186400     
   21.899999999999999        1.1032745591939546     
   22.000000000000000        1.1083123425692696     
   22.100000000000001        1.1133501259445842     
   22.199999999999999        1.1183879093198987     
   22.299999999999997        1.1234256926952138     
   22.399999999999999        1.1284634760705288     
   22.500000000000000        1.1335012594458438     
   22.600000000000001        1.1385390428211588     
   22.700000000000003        1.1435768261964734     
   22.800000000000001        1.1486146095717884     
   22.899999999999999        1.1536523929471030     
   23.000000000000000        1.1586901763224180     
   23.100000000000001        1.1637279596977330     
   23.199999999999999        1.1687657430730476     
   23.299999999999997        1.1738035264483626     
   23.399999999999999        1.1788413098236772     
   23.500000000000000        1.1838790931989922     
   23.600000000000001        1.1889168765743072     
   23.700000000000003        1.1939546599496222     
   23.800000000000001        1.1989924433249373     
   23.899999999999999        1.2040302267002518     
   24.000000000000000        1.2090680100755664     
   24.100000000000001        1.2141057934508814     
   24.199999999999999        1.2191435768261960     
   24.299999999999997        1.2241813602015110     
   24.399999999999999        1.2292191435768260     
   24.500000000000000        1.2342569269521411     
   24.600000000000001        1.2392947103274556     
   24.700000000000003        1.2443324937027707     
   24.800000000000001        1.2493702770780857     
   24.899999999999999        1.2544080604534003     
   25.000000000000000        1.2594458438287153     
   25.100000000000001        1.2644836272040303     
   25.199999999999999        1.2695214105793449     
   25.299999999999997        1.2745591939546594     
   25.399999999999999        1.2795969773299745     
   25.500000000000000        1.2846347607052895     
   25.600000000000001        1.2896725440806045     
   25.700000000000003        1.2947103274559195     
   25.800000000000001        1.2997481108312345     
   25.899999999999999        1.3047858942065491     
   26.000000000000000        1.3098236775818637     
   26.100000000000001        1.3148614609571787     
   26.199999999999999        1.3198992443324933     
   26.299999999999997        1.3249370277078083     
   26.399999999999999        1.3299748110831233     
   26.500000000000000        1.3350125944584383     
   26.600000000000001        1.3400503778337529     
   26.700000000000003        1.3450881612090679     
   26.800000000000001        1.3501259445843830     
   26.899999999999999        1.3551637279596975     
   27.000000000000000        1.3602015113350125     
   27.100000000000001        1.3652392947103276     
   27.199999999999999        1.3702770780856421     
   27.299999999999997        1.3753148614609567     
   27.399999999999999        1.3803526448362717     
   27.500000000000000        1.3853904282115868     
   27.600000000000001        1.3904282115869018     
   27.700000000000003        1.3954659949622168     
   27.800000000000001        1.4005037783375314     
   27.899999999999999        1.4055415617128459     
   28.000000000000000        1.4105793450881610     
   28.100000000000001        1.4156171284634760     
   28.199999999999999        1.4206549118387906     
   28.299999999999997        1.4256926952141056     
   28.399999999999999        1.4307304785894206     
   28.500000000000000        1.4357682619647352     
   28.600000000000001        1.4408060453400502     
   28.700000000000003        1.4458438287153652     
   28.800000000000001        1.4508816120906802     
   28.899999999999999        1.4559193954659948     
   29.000000000000000        1.4609571788413098     
   29.100000000000001        1.4659949622166244     
   29.199999999999999        1.4710327455919390     
   29.299999999999997        1.4760705289672540     
   29.399999999999999        1.4811083123425690     
   29.500000000000000        1.4861460957178840     
   29.600000000000001        1.4911838790931990     
   29.700000000000003        1.4962216624685136     
   29.800000000000001        1.5012594458438286     
   29.899999999999999        1.5062972292191432     
   30.000000000000000        1.5113350125944582     
