test case propagating solitary wave, depth = 10 meter

results of non-hydrostatic model (using finite element model): nonlinear dispersive model applying quadratic vertical pressure profile

results at initial state

1st column: x coord in meters
2nd column: numerical ssh values in meters
3rd column: analytical ssh values in meters

   1.0000000000000000        4.4678266764928543E-012   4.4678266764928543E-012
   0.0000000000000000        4.1628145088980201E-012   4.1628145088980201E-012
   2.0000000000000000        4.7951872869937896E-012   4.7951872869937896E-012
   3.0000000000000000        5.1465338255682655E-012   5.1465338255682655E-012
   4.0000000000000000        5.5236237570031223E-012   5.5236237570031223E-012
   5.0000000000000000        5.9283433166904514E-012   5.9283433166904514E-012
   6.0000000000000000        6.3627169457349825E-012   6.3627169457349825E-012
   7.0000000000000000        6.8289174173778118E-012   6.8289174173778118E-012
   8.0000000000000000        7.3292767053900039E-012   7.3292767053900039E-012
   9.0000000000000000        7.8662976488005295E-012   7.8662976488005295E-012
   10.000000000000000        8.4426664713065247E-012   8.4426664713065247E-012
   11.000000000000000        9.0612662179890066E-012   9.0612662179890066E-012
   12.000000000000000        9.7251911765456358E-012   9.7251911765456358E-012
   13.000000000000000        1.0437762355176692E-011   1.0437762355176692E-011
   14.000000000000000        1.1202544094546008E-011   1.1202544094546008E-011
   15.000000000000000        1.2023361896911231E-011   1.2023361896911231E-011
   16.000000000000000        1.2904321561606243E-011   1.2904321561606243E-011
   17.000000000000000        1.3849829722592976E-011   1.3849829722592976E-011
   18.000000000000000        1.4864615890813271E-011   1.4864615890813271E-011
   19.000000000000000        1.5953756111598365E-011   1.5953756111598365E-011
   20.000000000000000        1.7122698355472381E-011   1.7122698355472381E-011
   21.000000000000000        1.8377289769356815E-011   1.8377289769356815E-011
   22.000000000000000        1.9723805924488683E-011   1.9723805924488683E-011
   23.000000000000000        2.1168982207353035E-011   2.1168982207353035E-011
   24.000000000000000        2.2720047510649736E-011   2.2720047510649736E-011
   25.000000000000000        2.4384760392819658E-011   2.4384760392819658E-011
   26.000000000000000        2.6171447887003278E-011   2.6171447887003278E-011
   27.000000000000000        2.8089047153557236E-011   2.8089047153557236E-011
   28.000000000000000        3.0147150184478263E-011   3.0147150184478263E-011
   29.000000000000000        3.2356051783349960E-011   3.2356051783349960E-011
   30.000000000000000        3.4726801060811314E-011   3.4726801060811314E-011
   31.000000000000000        3.7271256703133402E-011   3.7271256703133402E-011
   32.000000000000000        4.0002146290359965E-011   4.0002146290359965E-011
   33.000000000000000        4.2933129960727957E-011   4.2933129960727957E-011
   34.000000000000000        4.6078868739822091E-011   4.6078868739822091E-011
   35.000000000000000        4.9455097876251593E-011   4.9455097876251593E-011
   36.000000000000000        5.3078705550680521E-011   5.3078705550680521E-011
   37.000000000000000        5.6967817351920558E-011   5.6967817351920558E-011
   38.000000000000000        6.1141886942643082E-011   6.1141886942643082E-011
   39.000000000000000        6.5621793368227640E-011   6.5621793368227640E-011
   40.000000000000000        7.0429945495494018E-011   7.0429945495494018E-011
   41.000000000000000        7.5590394103729394E-011   7.5590394103729394E-011
   42.000000000000000        8.1128952188698662E-011   8.1128952188698662E-011
   43.000000000000000        8.7073324081409367E-011   8.7073324081409367E-011
   44.000000000000000        9.3453244027493606E-011   9.3453244027493606E-011
   45.000000000000000        1.0030062492039285E-010   1.0030062492039285E-010
   46.000000000000000        1.0764971793232125E-010   1.0764971793232125E-010
   47.000000000000000        1.1553728384149506E-010   1.1553728384149506E-010
   48.000000000000000        1.2400277691262153E-010   1.2400277691262153E-010
   49.000000000000000        1.3308854225043227E-010   1.3308854225043227E-010
   50.000000000000000        1.4284002761344039E-010   1.4284002761344039E-010
   51.000000000000000        1.5330601074743158E-010   1.5330601074743158E-010
   52.000000000000000        1.6453884337582997E-010   1.6453884337582997E-010
   53.000000000000000        1.7659471306739949E-010   1.7659471306739949E-010
   54.000000000000000        1.8953392429116409E-010   1.8953392429116409E-010
   55.000000000000000        2.0342120006440878E-010   2.0342120006440878E-010
   56.000000000000000        2.1832600570262484E-010   2.1832600570262484E-010
   57.000000000000000        2.3432289629083447E-010   2.3432289629083447E-010
   58.000000000000000        2.5149188961436190E-010   2.5149188961436190E-010
   59.000000000000000        2.6991886641449161E-010   2.6991886641449161E-010
   60.000000000000000        2.8969599997112179E-010   2.8969599997112179E-010
   61.000000000000000        3.1092221716122337E-010   3.1092221716122337E-010
   62.000000000000000        3.3370369329935576E-010   3.3370369329935576E-010
   63.000000000000000        3.5815438323547366E-010   3.5815438323547366E-010
   64.000000000000000        3.8439659136662236E-010   3.8439659136662236E-010
   65.000000000000000        4.1256158341376377E-010   4.1256158341376377E-010
   66.000000000000000        4.4279024302389667E-010   4.4279024302389667E-010
   67.000000000000000        4.7523377648184546E-010   4.7523377648184546E-010
   68.000000000000000        5.1005446905674896E-010   5.1005446905674896E-010
   69.000000000000000        5.4742649676655374E-010   5.4742649676655374E-010
   70.000000000000000        5.8753679762102901E-010   5.8753679762102901E-010
   71.000000000000000        6.3058600670133152E-010   6.3058600670133152E-010
   72.000000000000000        6.7678945975346654E-010   6.7678945975346654E-010
   73.000000000000000        7.2637827031570628E-010   7.2637827031570628E-010
   74.000000000000000        7.7960048576784185E-010   7.7960048576784185E-010
   75.000000000000000        8.3672232808493039E-010   8.3672232808493039E-010
   76.000000000000000        8.9802952550188398E-010   8.9802952550188398E-010
   77.000000000000000        9.6382874175000516E-010   9.6382874175000516E-010
   78.000000000000000        1.0344491100146232E-009   1.0344491100146232E-009
   79.000000000000000        1.1102438792868214E-009   1.1102438792868214E-009
   80.000000000000000        1.1915921813444437E-009   1.1915921813444437E-009
   81.000000000000000        1.2789009272009441E-009   1.2789009272009441E-009
   82.000000000000000        1.3726068425083364E-009   1.3726068425083364E-009
   83.000000000000000        1.4731786520954221E-009   1.4731786520954221E-009
   84.000000000000000        1.5811194245685869E-009   1.5811194245685869E-009
   85.000000000000000        1.6969690887030491E-009   1.6969690887030491E-009
   86.000000000000000        1.8213071342117529E-009   1.8213071342117529E-009
   87.000000000000000        1.9547555104013671E-009   1.9547555104013671E-009
   88.000000000000000        2.0979817372147382E-009   2.0979817372147382E-009
   89.000000000000000        2.2517022442214596E-009   2.2517022442214596E-009
   90.000000000000000        2.4166859542584881E-009   2.4166859542584881E-009
   91.000000000000000        2.5937581296464685E-009   2.5937581296464685E-009
   92.000000000000000        2.7838045002208618E-009   2.7838045002208618E-009
   93.000000000000000        2.9877756938266308E-009   2.9877756938266308E-009
   94.000000000000000        3.2066919914381989E-009   3.2066919914381989E-009
   95.000000000000000        3.4416484306901650E-009   3.4416484306901650E-009
   96.000000000000000        3.6938202833470933E-009   3.6938202833470933E-009
   97.000000000000000        3.9644689341110976E-009   3.9644689341110976E-009
   98.000000000000000        4.2549481901735508E-009   4.2549481901735508E-009
   99.000000000000000        4.5667110530717767E-009   4.5667110530717767E-009
   100.00000000000000        4.9013169867241594E-009   4.9013169867241594E-009
   101.00000000000000        5.2604397179989439E-009   5.2604397179989439E-009
   102.00000000000000        5.6458756088358504E-009   5.6458756088358504E-009
   103.00000000000000        6.0595526417985545E-009   6.0595526417985545E-009
   104.00000000000000        6.5035400640044718E-009   6.5035400640044718E-009
   105.00000000000000        6.9800587376716497E-009   6.9800587376716497E-009
   106.00000000000000        7.4914922490570104E-009   7.4914922490570104E-009
   107.00000000000000        8.0403988313536947E-009   8.0403988313536947E-009
   108.00000000000000        8.6295241611871660E-009   8.6295241611871660E-009
   109.00000000000000        9.2618150927187024E-009   9.2618150927187024E-009
   110.00000000000000        9.9404343980557843E-009   9.9404343980557843E-009
   111.00000000000000        1.0668776587701999E-008   1.0668776587701999E-008
   112.00000000000000        1.1450484890181661E-008   1.1450484890181661E-008
   113.00000000000000        1.2289469475772602E-008   1.2289469475772602E-008
   114.00000000000000        1.3189927015503826E-008   1.3189927015503826E-008
   115.00000000000000        1.4156361673253663E-008   1.4156361673253663E-008
   116.00000000000000        1.5193607635952692E-008   1.5193607635952692E-008
   117.00000000000000        1.6306853294589269E-008   1.6306853294589269E-008
   118.00000000000000        1.7501667196973184E-008   1.7501667196973184E-008
   119.00000000000000        1.8784025902075080E-008   1.8784025902075080E-008
   120.00000000000000        2.0160343875271557E-008   2.0160343875271557E-008
   121.00000000000000        2.1637505574034211E-008   2.1637505574034211E-008
   122.00000000000000        2.3222899884558005E-008   2.3222899884558005E-008
   123.00000000000000        2.4924457081583638E-008   2.4924457081583638E-008
   124.00000000000000        2.6750688496290076E-008   2.6750688496290076E-008
   125.00000000000000        2.8710729090679163E-008   2.8710729090679163E-008
   126.00000000000000        3.0814383151412903E-008   3.0814383151412903E-008
   127.00000000000000        3.3072173331667509E-008   3.3072173331667509E-008
   128.00000000000000        3.5495393286315788E-008   3.5495393286315788E-008
   129.00000000000000        3.8096164163722997E-008   3.8096164163722997E-008
   130.00000000000000        4.0887495236732722E-008   4.0887495236732722E-008
   131.00000000000000        4.3883348976123874E-008   4.3883348976123874E-008
   132.00000000000000        4.7098710892041562E-008   4.7098710892041562E-008
   133.00000000000000        5.0549664492752912E-008   5.0549664492752912E-008
   134.00000000000000        5.4253471735680339E-008   5.4253471735680339E-008
   135.00000000000000        5.8228659373131088E-008   5.8228659373131088E-008
   136.00000000000000        6.2495111624633433E-008   6.2495111624633433E-008
   137.00000000000000        6.7074169639433073E-008   6.7074169639433073E-008
   138.00000000000000        7.1988738246668845E-008   7.1988738246668845E-008
   139.00000000000000        7.7263400527199821E-008   7.7263400527199821E-008
   140.00000000000000        8.2924540780181794E-008   8.2924540780181794E-008
   141.00000000000000        8.9000476499479827E-008   8.9000476499479827E-008
   142.00000000000000        9.5521600020074368E-008   9.5521600020074368E-008
   143.00000000000000        1.0252053054298512E-007   1.0252053054298512E-007
   144.00000000000000        1.1003227729915358E-007   1.1003227729915358E-007
   145.00000000000000        1.1809441466844161E-007   1.1809441466844161E-007
   146.00000000000000        1.2674727012970345E-007   1.2674727012970345E-007
   147.00000000000000        1.3603412598207114E-007   1.3603412598207114E-007
   148.00000000000000        1.4600143584647711E-007   1.4600143584647711E-007
   149.00000000000000        1.5669905703036972E-007   1.5669905703036972E-007
   150.00000000000000        1.6818049991792555E-007   1.6818049991792555E-007
   151.00000000000000        1.8050319563322503E-007   1.8050319563322503E-007
   152.00000000000000        1.9372878331526027E-007   1.9372878331526027E-007
   153.00000000000000        2.0792341844174249E-007   2.0792341844174249E-007
   154.00000000000000        2.2315810374396539E-007   2.2315810374396539E-007
   155.00000000000000        2.3950904436797904E-007   2.3950904436797904E-007
   156.00000000000000        2.5705802905861298E-007   2.5705802905861298E-007
   157.00000000000000        2.7589283927305350E-007   2.7589283927305350E-007
   158.00000000000000        2.9610768827037821E-007   2.9610768827037821E-007
   159.00000000000000        3.1780369237341188E-007   3.1780369237341188E-007
   160.00000000000000        3.4108937676016014E-007   3.4108937676016014E-007
   161.00000000000000        3.6608121831482990E-007   3.6608121831482990E-007
   162.00000000000000        3.9290422825379560E-007   3.9290422825379560E-007
   163.00000000000000        4.2169257744083490E-007   4.2169257744083490E-007
   164.00000000000000        4.5259026751948300E-007   4.5259026751948300E-007
   165.00000000000000        4.8575185121953867E-007   4.8575185121953867E-007
   166.00000000000000        5.2134320544071899E-007   5.2134320544071899E-007
   167.00000000000000        5.5954236098044871E-007   5.5954236098044871E-007
   168.00000000000000        6.0054039305610916E-007   6.0054039305610916E-007
   169.00000000000000        6.4454237707615654E-007   6.4454237707615654E-007
   170.00000000000000        6.9176841444089396E-007   6.9176841444089396E-007
   171.00000000000000        7.4245473350397211E-007   7.4245473350397211E-007
   172.00000000000000        7.9685487120162871E-007   7.9685487120162871E-007
   173.00000000000000        8.5524094126018846E-007   8.5524094126018846E-007
   174.00000000000000        9.1790499532538754E-007   9.1790499532538754E-007
   175.00000000000000        9.8516048382188477E-007   9.8516048382188477E-007
   176.00000000000000        1.0573438238501497E-006   1.0573438238501497E-006
   177.00000000000000        1.1348160819633152E-006   1.1348160819633152E-006
   178.00000000000000        1.2179647802411894E-006   1.2179647802411894E-006
   179.00000000000000        1.3072058346953458E-006   1.3072058346953458E-006
   180.00000000000000        1.4029856357010890E-006   1.4029856357010890E-006
   181.00000000000000        1.5057832808624987E-006   1.5057832808624987E-006
   182.00000000000000        1.6161129714791964E-006   1.6161129714791964E-006
   183.00000000000000        1.7345265846017669E-006   1.7345265846017669E-006
   184.00000000000000        1.8616164335410113E-006   1.8616164335410113E-006
   185.00000000000000        1.9980182306388302E-006   1.9980182306388302E-006
   186.00000000000000        2.1444142671201439E-006   2.1444142671201439E-006
   187.00000000000000        2.3015368259310632E-006   2.3015368259310632E-006
   188.00000000000000        2.4701718446338098E-006   2.4701718446338098E-006
   189.00000000000000        2.6511628466795862E-006   2.6511628466795862E-006
   190.00000000000000        2.8454151607228705E-006   2.8454151607228705E-006
   191.00000000000000        3.0539004490813498E-006   3.0539004490813498E-006
   192.00000000000000        3.2776615679917477E-006   3.2776615679917477E-006
   193.00000000000000        3.5178177839713975E-006   3.5178177839713975E-006
   194.00000000000000        3.7755703723763740E-006   3.7755703723763740E-006
   195.00000000000000        4.0522086261584838E-006   4.0522086261584838E-006
   196.00000000000000        4.3491163048749777E-006   4.3491163048749777E-006
   197.00000000000000        4.6677785562066355E-006   4.6677785562066355E-006
   198.00000000000000        5.0097893446029597E-006   5.0097893446029597E-006
   199.00000000000000        5.3768594242094275E-006   5.3768594242094275E-006
   200.00000000000000        5.7708248959537033E-006   5.7708248959537033E-006
   201.00000000000000        6.1936563915891194E-006   6.1936563915891194E-006
   202.00000000000000        6.6474689306289940E-006   6.6474689306289940E-006
   203.00000000000000        7.1345324994703382E-006   7.1345324994703382E-006
   204.00000000000000        7.6572834056171213E-006   7.6572834056171213E-006
   205.00000000000000        8.2183364637889116E-006   8.2183364637889116E-006
   206.00000000000000        8.8204980748608066E-006   8.8204980748608066E-006
   207.00000000000000        9.4667802630449154E-006   9.4667802630449154E-006
   208.00000000000000        1.0160415741515122E-005   1.0160415741515122E-005
   209.00000000000000        1.0904874081819182E-005   1.0904874081819182E-005
   210.00000000000000        1.1703879067941035E-005   1.1703879067941035E-005
   211.00000000000000        1.2561427321799343E-005   1.2561427321799343E-005
   212.00000000000000        1.3481808293324855E-005   1.3481808293324855E-005
   213.00000000000000        1.4469625715081392E-005   1.4469625715081392E-005
   214.00000000000000        1.5529820628716937E-005   1.5529820628716937E-005
   215.00000000000000        1.6667696098388886E-005   1.6667696098388886E-005
   216.00000000000000        1.7888943734740277E-005   1.7888943734740277E-005
   217.00000000000000        1.9199672162054650E-005   1.9199672162054650E-005
   218.00000000000000        2.0606437570928756E-005   2.0606437570928756E-005
   219.00000000000000        2.2116276509227004E-005   2.2116276509227004E-005
   220.00000000000000        2.3736741075267109E-005   2.3736741075267109E-005
   221.00000000000000        2.5475936689191982E-005   2.5475936689191982E-005
   222.00000000000000        2.7342562631365976E-005   2.7342562631365976E-005
   223.00000000000000        2.9345955550459980E-005   2.9345955550459980E-005
   224.00000000000000        3.1496136158727391E-005   3.1496136158727391E-005
   225.00000000000000        3.3803859347895836E-005   3.3803859347895836E-005
   226.00000000000000        3.6280667976187362E-005   3.6280667976187362E-005
   227.00000000000000        3.8938950595317101E-005   3.8938950595317101E-005
   228.00000000000000        4.1792003405998176E-005   4.1792003405998176E-005
   229.00000000000000        4.4854096751597681E-005   4.4854096751597681E-005
   230.00000000000000        4.8140546482249782E-005   4.8140546482249782E-005
   231.00000000000000        5.1667790546046640E-005   5.1667790546046640E-005
   232.00000000000000        5.5453471190023684E-005   5.5453471190023684E-005
   233.00000000000000        5.9516523181653908E-005   5.9516523181653908E-005
   234.00000000000000        6.3877268491612242E-005   6.3877268491612242E-005
   235.00000000000000        6.8557517910808858E-005   6.8557517910808858E-005
   236.00000000000000        7.3580680109284669E-005   7.3580680109284669E-005
   237.00000000000000        7.8971878681678945E-005   7.8971878681678945E-005
   238.00000000000000        8.4758077763805721E-005   8.4758077763805721E-005
   239.00000000000000        9.0968216847607308E-005   9.0968216847607308E-005
   240.00000000000000        9.7633355467600239E-005   9.7633355467600239E-005
   241.00000000000000        1.0478682848111865E-004   1.0478682848111865E-004
   242.00000000000000        1.1246441271743611E-004   1.1246441271743611E-004
   243.00000000000000        1.2070450582746062E-004   1.2070450582746062E-004
   244.00000000000000        1.2954831822644384E-004   1.2954831822644384E-004
   245.00000000000000        1.3904007908730105E-004   1.3904007908730105E-004
   246.00000000000000        1.4922725741204216E-004   1.4922725741204216E-004
   247.00000000000000        1.6016079928379530E-004   1.6016079928379530E-004
   248.00000000000000        1.7189538248233306E-004   1.7189538248233306E-004
   249.00000000000000        1.8448968973228377E-004   1.8448968973228377E-004
   250.00000000000000        1.9800670194573841E-004   1.9800670194573841E-004
   251.00000000000000        2.1251401292020391E-004   2.1251401292020391E-004
   252.00000000000000        2.2808416705928297E-004   2.2808416705928297E-004
   253.00000000000000        2.4479502179759456E-004   2.4479502179759456E-004
   254.00000000000000        2.6273013653383700E-004   2.6273013653383700E-004
   255.00000000000000        2.8197919000713504E-004   2.8197919000713504E-004
   256.00000000000000        3.0263842819250759E-004   3.0263842819250759E-004
   257.00000000000000        3.2481114494215224E-004   3.2481114494215224E-004
   258.00000000000000        3.4860819776095570E-004   3.4860819776095570E-004
   259.00000000000000        3.7414856127798062E-004   3.7414856127798062E-004
   260.00000000000000        4.0155992116148152E-004   4.0155992116148152E-004
   261.00000000000000        4.3097931142411638E-004   4.3097931142411638E-004
   262.00000000000000        4.6255379827839894E-004   4.6255379827839894E-004
   263.00000000000000        4.9644121393106798E-004   4.9644121393106798E-004
   264.00000000000000        5.3281094394997612E-004   5.3281094394997612E-004
   265.00000000000000        5.7184477209948977E-004   5.7184477209948977E-004
   266.00000000000000        6.1373778682139487E-004   6.1373778682139487E-004
   267.00000000000000        6.5869935383922995E-004   6.5869935383922995E-004
   268.00000000000000        7.0695415968619144E-004   7.0695415968619144E-004
   269.00000000000000        7.5874333130163791E-004   7.5874333130163791E-004
   270.00000000000000        8.1432563721040312E-004   8.1432563721040312E-004
   271.00000000000000        8.7397877619414159E-004   8.7397877619414159E-004
   272.00000000000000        9.3800075978652377E-004   9.3800075978652377E-004
   273.00000000000000        1.0067113953760923E-003   1.0067113953760923E-003
   274.00000000000000        1.0804538771838890E-003   1.0804538771838890E-003
   275.00000000000000        1.1595964928995876E-003   1.1595964928995876E-003
   276.00000000000000        1.2445344543119464E-003   1.2445344543119464E-003
   277.00000000000000        1.3356918608591751E-003   1.3356918608591751E-003
   278.00000000000000        1.4335238056545998E-003   1.4335238056545998E-003
   279.00000000000000        1.5385186342153231E-003   1.5385186342153231E-003
   280.00000000000000        1.6512003668388885E-003   1.6512003668388885E-003
   281.00000000000000        1.7721312963380755E-003   1.7721312963380755E-003
   282.00000000000000        1.9019147736593885E-003   1.9019147736593885E-003
   283.00000000000000        2.0411981947797645E-003   2.0411981947797645E-003
   284.00000000000000        2.1906762032011299E-003   2.1906762032011299E-003
   285.00000000000000        2.3510941233468585E-003   2.3510941233468585E-003
   286.00000000000000        2.5232516412110185E-003   2.5232516412110185E-003
   287.00000000000000        2.7080067497234793E-003   2.7080067497234793E-003
   288.00000000000000        2.9062799774747876E-003   2.9062799774747876E-003
   289.00000000000000        3.1190589206971484E-003   3.1190589206971484E-003
   290.00000000000000        3.3474030997249033E-003   3.3474030997249033E-003
   291.00000000000000        3.5924491625626219E-003   3.5924491625626219E-003
   292.00000000000000        3.8554164596737500E-003   3.8554164596737500E-003
   293.00000000000000        4.1376130156706038E-003   4.1376130156706038E-003
   294.00000000000000        4.4404419252391508E-003   4.4404419252391508E-003
   295.00000000000000        4.7654082023714664E-003   4.7654082023714664E-003
   296.00000000000000        5.1141261138062015E-003   5.1141261138062015E-003
   297.00000000000000        5.4883270294933759E-003   5.4883270294933759E-003
   298.00000000000000        5.8898678249040106E-003   5.8898678249040106E-003
   299.00000000000000        6.3207398720965258E-003   6.3207398720965258E-003
   300.00000000000000        6.7830786586275870E-003   6.7830786586275870E-003
   301.00000000000000        7.2791740756516709E-003   7.2791740756516709E-003
   302.00000000000000        7.8114814188848282E-003   7.8114814188848282E-003
   303.00000000000000        8.3826331485068635E-003   8.3826331485068635E-003
   304.00000000000000        8.9954514565309014E-003   8.9954514565309014E-003
   305.00000000000000        9.6529616926685144E-003   9.6529616926685144E-003
   306.00000000000000        1.0358406702243717E-002   1.0358406702243717E-002
   307.00000000000000        1.1115262132240801E-002   1.1115262132240801E-002
   308.00000000000000        1.1927252764082991E-002   1.1927252764082991E-002
   309.00000000000000        1.2798369934200141E-002   1.2798369934200141E-002
   310.00000000000000        1.3732890105817422E-002   1.3732890105817422E-002
   311.00000000000000        1.4735394657636845E-002   1.4735394657636845E-002
   312.00000000000000        1.5810790957137978E-002   1.5810790957137978E-002
   313.00000000000000        1.6964334788027783E-002   1.6964334788027783E-002
   314.00000000000000        1.8201654202849155E-002   1.8201654202849155E-002
   315.00000000000000        1.9528774872824072E-002   1.9528774872824072E-002
   316.00000000000000        2.0952147007558965E-002   2.0952147007558965E-002
   317.00000000000000        2.2478673917154815E-002   2.2478673917154815E-002
   318.00000000000000        2.4115742288406329E-002   2.4115742288406329E-002
   319.00000000000000        2.5871254244978152E-002   2.5871254244978152E-002
   320.00000000000000        2.7753661258528923E-002   2.7753661258528923E-002
   321.00000000000000        2.9771999973497630E-002   2.9771999973497630E-002
   322.00000000000000        3.1935930002428246E-002   3.1935930002428246E-002
   323.00000000000000        3.4255773741003762E-002   3.4255773741003762E-002
   324.00000000000000        3.6742558242069054E-002   3.6742558242069054E-002
   325.00000000000000        3.9408059175477628E-002   3.9408059175477628E-002
   326.00000000000000        4.2264846885185690E-002   4.2264846885185690E-002
   327.00000000000000        4.5326334536169681E-002   4.5326334536169681E-002
   328.00000000000000        4.8606828320933070E-002   4.8606828320933070E-002
   329.00000000000000        5.2121579668005368E-002   5.2121579668005368E-002
   330.00000000000000        5.5886839362256850E-002   5.5886839362256850E-002
   331.00000000000000        5.9919913448327033E-002   5.9919913448327033E-002
   332.00000000000000        6.4239220743178949E-002   6.4239220743178949E-002
   333.00000000000000        6.8864351730849552E-002   6.8864351730849552E-002
   334.00000000000000        7.3816128550897725E-002   7.3816128550897725E-002
   335.00000000000000        7.9116665720788057E-002   7.9116665720788057E-002
   336.00000000000000        8.4789431150353048E-002   8.4789431150353048E-002
   337.00000000000000        9.0859306912328991E-002   9.0859306912328991E-002
   338.00000000000000        9.7352649125475060E-002   9.7352649125475060E-002
   339.00000000000000       0.10429734618462648       0.10429734618462648     
   340.00000000000000       0.11172287443383026       0.11172287443383026     
   341.00000000000000       0.11966035022310452       0.11966035022310452     
   342.00000000000000       0.12814257711501864       0.12814257711501864     
   343.00000000000000       0.13720408681297955       0.13720408681297955     
   344.00000000000000       0.14688117216775951       0.14688117216775951     
   345.00000000000000       0.15721191038158522       0.15721191038158522     
   346.00000000000000       0.16823617426955356       0.16823617426955356     
   347.00000000000000       0.17999562915625894       0.17999562915625894     
   348.00000000000000       0.19253371268195707       0.19253371268195707     
   349.00000000000000       0.20589559446882788       0.20589559446882788     
   350.00000000000000       0.22012811225646225       0.22012811225646225     
   351.00000000000000       0.23527968076039960       0.23527968076039960     
   352.00000000000000       0.25140016914381752       0.25140016914381752     
   353.00000000000000       0.26854074262764316       0.26854074262764316     
   354.00000000000000       0.28675366340804848       0.28675366340804848     
   355.00000000000000       0.30609204571477111       0.30609204571477111     
   356.00000000000000       0.32660955954433296       0.32660955954433296     
   357.00000000000000       0.34836007735777968       0.34836007735777968     
   358.00000000000000       0.37139725786572142       0.37139725786572142     
   359.00000000000000       0.39577406096098150       0.39577406096098150     
   360.00000000000000       0.42154218793226117       0.42154218793226117     
   361.00000000000000       0.44875144133654399       0.44875144133654399     
   362.00000000000000       0.47744899936348112       0.47744899936348112     
   363.00000000000000       0.50767860023555467       0.50767860023555467     
   364.00000000000000       0.53947963320044423       0.53947963320044423     
   365.00000000000000       0.57288613403549427       0.57288613403549427     
   366.00000000000000       0.60792568474733122       0.60792568474733122     
   367.00000000000000       0.64461821935877461       0.64461821935877461     
   368.00000000000000       0.68297474037073314       0.68297474037073314     
   369.00000000000000       0.72299595369936054       0.72299595369936054     
   370.00000000000000       0.76467083363409172       0.76467083363409172     
   371.00000000000000       0.80797513363555418       0.80797513363555418     
   372.00000000000000       0.85286986356192862       0.85286986356192862     
   373.00000000000000       0.89929975911266302       0.89929975911266302     
   374.00000000000000       0.94719177480346628       0.94719177480346628     
   375.00000000000000       0.99645363748334126       0.99645363748334126     
   376.00000000000000        1.0469725030683124        1.0469725030683124     
   377.00000000000000        1.0986137645379714        1.0986137645379714     
   378.00000000000000        1.1512200640060244        1.1512200640060244     
   379.00000000000000        1.2046105654705739        1.2046105654705739     
   380.00000000000000        1.2585805472697076        1.2585805472697076     
   381.00000000000000        1.3129013738842876        1.3129013738842876     
   382.00000000000000        1.3673209051124648        1.3673209051124648     
   383.00000000000000        1.4215643963866862        1.4215643963866862     
   384.00000000000000        1.4753359367747547        1.4753359367747547     
   385.00000000000000        1.5283204607660472        1.5283204607660472     
   386.00000000000000        1.5801863562020459        1.5801863562020459     
   387.00000000000000        1.6305886737626643        1.6305886737626643     
   388.00000000000000        1.6791729235821575        1.6791729235821575     
   389.00000000000000        1.7255794223999616        1.7255794223999616     
   390.00000000000000        1.7694481309617041        1.7694481309617041     
   391.00000000000000        1.8104238972190942        1.8104238972190942     
   392.00000000000000        1.8481619974778649        1.8481619974778649     
   393.00000000000000        1.8823338463885271        1.8823338463885271     
   394.00000000000000        1.9126327289924718        1.9126327289924718     
   395.00000000000000        1.9387793952968286        1.9387793952968286     
   396.00000000000000        1.9605273512549659        1.9605273512549659     
   397.00000000000000        1.9776676804893243        1.9776676804893243     
   398.00000000000000        1.9900332391343127        1.9900332391343127     
   399.00000000000000        1.9975020818585996        1.9975020818585996     
   400.00000000000000        2.0000000000000000        2.0000000000000000     
   401.00000000000000        1.9975020818585996        1.9975020818585996     
   402.00000000000000        1.9900332391343127        1.9900332391343127     
   403.00000000000000        1.9776676804893243        1.9776676804893243     
   404.00000000000000        1.9605273512549659        1.9605273512549659     
   405.00000000000000        1.9387793952968286        1.9387793952968286     
   406.00000000000000        1.9126327289924718        1.9126327289924718     
   407.00000000000000        1.8823338463885271        1.8823338463885271     
   408.00000000000000        1.8481619974778649        1.8481619974778649     
   409.00000000000000        1.8104238972190942        1.8104238972190942     
   410.00000000000000        1.7694481309617041        1.7694481309617041     
   411.00000000000000        1.7255794223999616        1.7255794223999616     
   412.00000000000000        1.6791729235821575        1.6791729235821575     
   413.00000000000000        1.6305886737626643        1.6305886737626643     
   414.00000000000000        1.5801863562020459        1.5801863562020459     
   415.00000000000000        1.5283204607660472        1.5283204607660472     
   416.00000000000000        1.4753359367747547        1.4753359367747547     
   417.00000000000000        1.4215643963866862        1.4215643963866862     
   418.00000000000000        1.3673209051124648        1.3673209051124648     
   419.00000000000000        1.3129013738842876        1.3129013738842876     
   420.00000000000000        1.2585805472697076        1.2585805472697076     
   421.00000000000000        1.2046105654705739        1.2046105654705739     
   422.00000000000000        1.1512200640060244        1.1512200640060244     
   423.00000000000000        1.0986137645379714        1.0986137645379714     
   424.00000000000000        1.0469725030683124        1.0469725030683124     
   425.00000000000000       0.99645363748334126       0.99645363748334126     
   426.00000000000000       0.94719177480346628       0.94719177480346628     
   427.00000000000000       0.89929975911266302       0.89929975911266302     
   428.00000000000000       0.85286986356192862       0.85286986356192862     
   429.00000000000000       0.80797513363555418       0.80797513363555418     
   430.00000000000000       0.76467083363409172       0.76467083363409172     
   431.00000000000000       0.72299595369936054       0.72299595369936054     
   432.00000000000000       0.68297474037073314       0.68297474037073314     
   433.00000000000000       0.64461821935877461       0.64461821935877461     
   434.00000000000000       0.60792568474733122       0.60792568474733122     
   435.00000000000000       0.57288613403549427       0.57288613403549427     
   436.00000000000000       0.53947963320044423       0.53947963320044423     
   437.00000000000000       0.50767860023555467       0.50767860023555467     
   438.00000000000000       0.47744899936348112       0.47744899936348112     
   439.00000000000000       0.44875144133654399       0.44875144133654399     
   440.00000000000000       0.42154218793226117       0.42154218793226117     
   441.00000000000000       0.39577406096098150       0.39577406096098150     
   442.00000000000000       0.37139725786572142       0.37139725786572142     
   443.00000000000000       0.34836007735777968       0.34836007735777968     
   444.00000000000000       0.32660955954433296       0.32660955954433296     
   445.00000000000000       0.30609204571477111       0.30609204571477111     
   446.00000000000000       0.28675366340804848       0.28675366340804848     
   447.00000000000000       0.26854074262764316       0.26854074262764316     
   448.00000000000000       0.25140016914381752       0.25140016914381752     
   449.00000000000000       0.23527968076039960       0.23527968076039960     
   450.00000000000000       0.22012811225646225       0.22012811225646225     
   451.00000000000000       0.20589559446882788       0.20589559446882788     
   452.00000000000000       0.19253371268195707       0.19253371268195707     
   453.00000000000000       0.17999562915625894       0.17999562915625894     
   454.00000000000000       0.16823617426955356       0.16823617426955356     
   455.00000000000000       0.15721191038158522       0.15721191038158522     
   456.00000000000000       0.14688117216775951       0.14688117216775951     
   457.00000000000000       0.13720408681297955       0.13720408681297955     
   458.00000000000000       0.12814257711501864       0.12814257711501864     
   459.00000000000000       0.11966035022310452       0.11966035022310452     
   460.00000000000000       0.11172287443383026       0.11172287443383026     
   461.00000000000000       0.10429734618462648       0.10429734618462648     
   462.00000000000000        9.7352649125475060E-002   9.7352649125475060E-002
   463.00000000000000        9.0859306912328991E-002   9.0859306912328991E-002
   464.00000000000000        8.4789431150353048E-002   8.4789431150353048E-002
   465.00000000000000        7.9116665720788057E-002   7.9116665720788057E-002
   466.00000000000000        7.3816128550897725E-002   7.3816128550897725E-002
   467.00000000000000        6.8864351730849552E-002   6.8864351730849552E-002
   468.00000000000000        6.4239220743178949E-002   6.4239220743178949E-002
   469.00000000000000        5.9919913448327033E-002   5.9919913448327033E-002
   470.00000000000000        5.5886839362256850E-002   5.5886839362256850E-002
   471.00000000000000        5.2121579668005368E-002   5.2121579668005368E-002
   472.00000000000000        4.8606828320933070E-002   4.8606828320933070E-002
   473.00000000000000        4.5326334536169681E-002   4.5326334536169681E-002
   474.00000000000000        4.2264846885185690E-002   4.2264846885185690E-002
   475.00000000000000        3.9408059175477628E-002   3.9408059175477628E-002
   476.00000000000000        3.6742558242069054E-002   3.6742558242069054E-002
   477.00000000000000        3.4255773741003762E-002   3.4255773741003762E-002
   478.00000000000000        3.1935930002428246E-002   3.1935930002428246E-002
   479.00000000000000        2.9771999973497630E-002   2.9771999973497630E-002
   480.00000000000000        2.7753661258528923E-002   2.7753661258528923E-002
   481.00000000000000        2.5871254244978152E-002   2.5871254244978152E-002
   482.00000000000000        2.4115742288406329E-002   2.4115742288406329E-002
   483.00000000000000        2.2478673917154815E-002   2.2478673917154815E-002
   484.00000000000000        2.0952147007558965E-002   2.0952147007558965E-002
   485.00000000000000        1.9528774872824072E-002   1.9528774872824072E-002
   486.00000000000000        1.8201654202849155E-002   1.8201654202849155E-002
   487.00000000000000        1.6964334788027783E-002   1.6964334788027783E-002
   488.00000000000000        1.5810790957137978E-002   1.5810790957137978E-002
   489.00000000000000        1.4735394657636845E-002   1.4735394657636845E-002
   490.00000000000000        1.3732890105817422E-002   1.3732890105817422E-002
   491.00000000000000        1.2798369934200141E-002   1.2798369934200141E-002
   492.00000000000000        1.1927252764082991E-002   1.1927252764082991E-002
   493.00000000000000        1.1115262132240801E-002   1.1115262132240801E-002
   494.00000000000000        1.0358406702243717E-002   1.0358406702243717E-002
   495.00000000000000        9.6529616926685144E-003   9.6529616926685144E-003
   496.00000000000000        8.9954514565309014E-003   8.9954514565309014E-003
   497.00000000000000        8.3826331485068635E-003   8.3826331485068635E-003
   498.00000000000000        7.8114814188848282E-003   7.8114814188848282E-003
   499.00000000000000        7.2791740756516709E-003   7.2791740756516709E-003
   500.00000000000000        6.7830786586275870E-003   6.7830786586275870E-003
   501.00000000000000        6.3207398720965258E-003   6.3207398720965258E-003
   502.00000000000000        5.8898678249040106E-003   5.8898678249040106E-003
   503.00000000000000        5.4883270294933759E-003   5.4883270294933759E-003
   504.00000000000000        5.1141261138062015E-003   5.1141261138062015E-003
   505.00000000000000        4.7654082023714664E-003   4.7654082023714664E-003
   506.00000000000000        4.4404419252391508E-003   4.4404419252391508E-003
   507.00000000000000        4.1376130156706038E-003   4.1376130156706038E-003
   508.00000000000000        3.8554164596737500E-003   3.8554164596737500E-003
   509.00000000000000        3.5924491625626219E-003   3.5924491625626219E-003
   510.00000000000000        3.3474030997249033E-003   3.3474030997249033E-003
   511.00000000000000        3.1190589206971484E-003   3.1190589206971484E-003
   512.00000000000000        2.9062799774747876E-003   2.9062799774747876E-003
   513.00000000000000        2.7080067497234793E-003   2.7080067497234793E-003
   514.00000000000000        2.5232516412110185E-003   2.5232516412110185E-003
   515.00000000000000        2.3510941233468585E-003   2.3510941233468585E-003
   516.00000000000000        2.1906762032011299E-003   2.1906762032011299E-003
   517.00000000000000        2.0411981947797645E-003   2.0411981947797645E-003
   518.00000000000000        1.9019147736593885E-003   1.9019147736593885E-003
   519.00000000000000        1.7721312963380755E-003   1.7721312963380755E-003
   520.00000000000000        1.6512003668388885E-003   1.6512003668388885E-003
   521.00000000000000        1.5385186342153231E-003   1.5385186342153231E-003
   522.00000000000000        1.4335238056545998E-003   1.4335238056545998E-003
   523.00000000000000        1.3356918608591751E-003   1.3356918608591751E-003
   524.00000000000000        1.2445344543119464E-003   1.2445344543119464E-003
   525.00000000000000        1.1595964928995876E-003   1.1595964928995876E-003
   526.00000000000000        1.0804538771838890E-003   1.0804538771838890E-003
   527.00000000000000        1.0067113953760923E-003   1.0067113953760923E-003
   528.00000000000000        9.3800075978652377E-004   9.3800075978652377E-004
   529.00000000000000        8.7397877619414159E-004   8.7397877619414159E-004
   530.00000000000000        8.1432563721040312E-004   8.1432563721040312E-004
   531.00000000000000        7.5874333130163791E-004   7.5874333130163791E-004
   532.00000000000000        7.0695415968619144E-004   7.0695415968619144E-004
   533.00000000000000        6.5869935383922995E-004   6.5869935383922995E-004
   534.00000000000000        6.1373778682139487E-004   6.1373778682139487E-004
   535.00000000000000        5.7184477209948977E-004   5.7184477209948977E-004
   536.00000000000000        5.3281094394997612E-004   5.3281094394997612E-004
   537.00000000000000        4.9644121393106798E-004   4.9644121393106798E-004
   538.00000000000000        4.6255379827839899E-004   4.6255379827839899E-004
   539.00000000000000        4.3097931142411643E-004   4.3097931142411643E-004
   540.00000000000000        4.0155992116148157E-004   4.0155992116148157E-004
   541.00000000000000        3.7414856127798067E-004   3.7414856127798067E-004
   542.00000000000000        3.4860819776095576E-004   3.4860819776095576E-004
   543.00000000000000        3.2481114494215229E-004   3.2481114494215229E-004
   544.00000000000000        3.0263842819250764E-004   3.0263842819250764E-004
   545.00000000000000        2.8197919000713510E-004   2.8197919000713510E-004
   546.00000000000000        2.6273013653383705E-004   2.6273013653383705E-004
   547.00000000000000        2.4479502179759462E-004   2.4479502179759462E-004
   548.00000000000000        2.2808416705928305E-004   2.2808416705928305E-004
   549.00000000000000        2.1251401292020399E-004   2.1251401292020399E-004
   550.00000000000000        1.9800670194573849E-004   1.9800670194573849E-004
   551.00000000000000        1.8448968973228385E-004   1.8448968973228385E-004
   552.00000000000000        1.7189538248233317E-004   1.7189538248233317E-004
   553.00000000000000        1.6016079928379541E-004   1.6016079928379541E-004
   554.00000000000000        1.4922725741204227E-004   1.4922725741204227E-004
   555.00000000000000        1.3904007908730119E-004   1.3904007908730119E-004
   556.00000000000000        1.2954831822644398E-004   1.2954831822644398E-004
   557.00000000000000        1.2070450582746077E-004   1.2070450582746077E-004
   558.00000000000000        1.1246441271743626E-004   1.1246441271743626E-004
   559.00000000000000        1.0478682848111881E-004   1.0478682848111881E-004
   560.00000000000000        9.7633355467600415E-005   9.7633355467600415E-005
   561.00000000000000        9.0968216847607498E-005   9.0968216847607498E-005
   562.00000000000000        8.4758077763805924E-005   8.4758077763805924E-005
   563.00000000000000        7.8971878681679161E-005   7.8971878681679161E-005
   564.00000000000000        7.3580680109284899E-005   7.3580680109284899E-005
   565.00000000000000        6.8557517910809116E-005   6.8557517910809116E-005
   566.00000000000000        6.3877268491612513E-005   6.3877268491612513E-005
   567.00000000000000        5.9516523181654199E-005   5.9516523181654199E-005
   568.00000000000000        5.5453471190023996E-005   5.5453471190023996E-005
   569.00000000000000        5.1667790546046972E-005   5.1667790546046972E-005
   570.00000000000000        4.8140546482250142E-005   4.8140546482250142E-005
   571.00000000000000        4.4854096751598067E-005   4.4854096751598067E-005
   572.00000000000000        4.1792003405998589E-005   4.1792003405998589E-005
   573.00000000000000        3.8938950595317548E-005   3.8938950595317548E-005
   574.00000000000000        3.6280667976187836E-005   3.6280667976187836E-005
   575.00000000000000        3.3803859347896351E-005   3.3803859347896351E-005
   576.00000000000000        3.1496136158727940E-005   3.1496136158727940E-005
   577.00000000000000        2.9345955550460570E-005   2.9345955550460570E-005
   578.00000000000000        2.7342562631366610E-005   2.7342562631366610E-005
   579.00000000000000        2.5475936689192663E-005   2.5475936689192663E-005
   580.00000000000000        2.3736741075267837E-005   2.3736741075267837E-005
   581.00000000000000        2.2116276509227786E-005   2.2116276509227786E-005
   582.00000000000000        2.0606437570929596E-005   2.0606437570929596E-005
   583.00000000000000        1.9199672162055552E-005   1.9199672162055552E-005
   584.00000000000000        1.7888943734741246E-005   1.7888943734741246E-005
   585.00000000000000        1.6667696098389926E-005   1.6667696098389926E-005
   586.00000000000000        1.5529820628718052E-005   1.5529820628718052E-005
   587.00000000000000        1.4469625715082590E-005   1.4469625715082590E-005
   588.00000000000000        1.3481808293326141E-005   1.3481808293326141E-005
   589.00000000000000        1.2561427321800722E-005   1.2561427321800722E-005
   590.00000000000000        1.1703879067942516E-005   1.1703879067942516E-005
   591.00000000000000        1.0904874081820771E-005   1.0904874081820771E-005
   592.00000000000000        1.0160415741516828E-005   1.0160415741516828E-005
   593.00000000000000        9.4667802630467467E-006   9.4667802630467467E-006
   594.00000000000000        8.8204980748627718E-006   8.8204980748627718E-006
   595.00000000000000        8.2183364637910207E-006   8.2183364637910207E-006
   596.00000000000000        7.6572834056193846E-006   7.6572834056193846E-006
   597.00000000000000        7.1345324994727675E-006   7.1345324994727675E-006
   598.00000000000000        6.6474689306316012E-006   6.6474689306316012E-006
   599.00000000000000        6.1936563915919172E-006   6.1936563915919172E-006
   600.00000000000000        5.7708248959567060E-006   5.7708248959567060E-006
   601.00000000000000        5.3768594242126505E-006   5.3768594242126505E-006
   602.00000000000000        5.0097893446064190E-006   5.0097893446064190E-006
   603.00000000000000        4.6677785562103481E-006   4.6677785562103481E-006
   604.00000000000000        4.3491163048789621E-006   4.3491163048789621E-006
   605.00000000000000        4.0522086261627604E-006   4.0522086261627604E-006
   606.00000000000000        3.7755703723809637E-006   3.7755703723809637E-006
   607.00000000000000        3.5178177839763235E-006   3.5178177839763235E-006
   608.00000000000000        3.2776615679970349E-006   3.2776615679970349E-006
   609.00000000000000        3.0539004490870241E-006   3.0539004490870241E-006
   610.00000000000000        2.8454151607289606E-006   2.8454151607289606E-006
   611.00000000000000        2.6511628466861228E-006   2.6511628466861228E-006
   612.00000000000000        2.4701718446408249E-006   2.4701718446408249E-006
   613.00000000000000        2.3015368259385925E-006   2.3015368259385925E-006
   614.00000000000000        2.1444142671282251E-006   2.1444142671282251E-006
   615.00000000000000        1.9980182306475034E-006   1.9980182306475034E-006
   616.00000000000000        1.8616164335503199E-006   1.8616164335503199E-006
   617.00000000000000        1.7345265846117574E-006   1.7345265846117574E-006
   618.00000000000000        1.6161129714899190E-006   1.6161129714899190E-006
   619.00000000000000        1.5057832808740069E-006   1.5057832808740069E-006
   620.00000000000000        1.4029856357134404E-006   1.4029856357134404E-006
   621.00000000000000        1.3072058347086023E-006   1.3072058347086023E-006
   622.00000000000000        1.2179647802554172E-006   1.2179647802554172E-006
   623.00000000000000        1.1348160819785855E-006   1.1348160819785855E-006
   624.00000000000000        1.0573438238665389E-006   1.0573438238665389E-006
   625.00000000000000        9.8516048383947489E-007   9.8516048383947489E-007
   626.00000000000000        9.1790499534426642E-007   9.1790499534426642E-007
   627.00000000000000        8.5524094128045065E-007   8.5524094128045065E-007
   628.00000000000000        7.9685487122337543E-007   7.9685487122337543E-007
   629.00000000000000        7.4245473352731231E-007   7.4245473352731231E-007
   630.00000000000000        6.9176841446594432E-007   6.9176841446594432E-007
   631.00000000000000        6.4454237710304232E-007   6.4454237710304232E-007
   632.00000000000000        6.0054039308496492E-007   6.0054039308496492E-007
   633.00000000000000        5.5954236101141867E-007   5.5954236101141867E-007
   634.00000000000000        5.2134320547395815E-007   5.2134320547395815E-007
   635.00000000000000        4.8575185125521326E-007   4.8575185125521326E-007
   636.00000000000000        4.5259026755777153E-007   4.5259026755777153E-007
   637.00000000000000        4.2169257748192886E-007   4.2169257748192886E-007
   638.00000000000000        3.9290422829790055E-007   3.9290422829790055E-007
   639.00000000000000        3.6608121836216644E-007   3.6608121836216644E-007
   640.00000000000000        3.4108937681096507E-007   3.4108937681096507E-007
   641.00000000000000        3.1780369242793931E-007   3.1780369242793931E-007
   642.00000000000000        2.9610768832890093E-007   2.9610768832890093E-007
   643.00000000000000        2.7589283933586423E-007   2.7589283933586423E-007
   644.00000000000000        2.5705802912602585E-007   2.5705802912602585E-007
   645.00000000000000        2.3950904444033133E-007   2.3950904444033133E-007
   646.00000000000000        2.2315810382161896E-007   2.2315810382161896E-007
   647.00000000000000        2.0792341852508579E-007   2.0792341852508579E-007
   648.00000000000000        1.9372878340471018E-007   1.9372878340471018E-007
   649.00000000000000        1.8050319572922901E-007   1.8050319572922901E-007
   650.00000000000000        1.6818050002096380E-007   1.6818050002096380E-007
   651.00000000000000        1.5669905714095765E-007   1.5669905714095765E-007
   652.00000000000000        1.4600143596516789E-007   1.4600143596516789E-007
   653.00000000000000        1.3603412610945846E-007   1.3603412610945846E-007
   654.00000000000000        1.2674727026642452E-007   1.2674727026642452E-007
   655.00000000000000        1.1809441481518034E-007   1.1809441481518034E-007
   656.00000000000000        1.1003227745664395E-007   1.1003227745664395E-007
   657.00000000000000        1.0252053071201491E-007   1.0252053071201491E-007
   658.00000000000000        9.5521600201489092E-008   9.5521600201489092E-008
   659.00000000000000        8.9000476694186920E-008   8.9000476694186920E-008
   660.00000000000000        8.2924540989155211E-008   8.2924540989155211E-008
   661.00000000000000        7.7263400751484855E-008   7.7263400751484855E-008
   662.00000000000000        7.1988738487387390E-008   7.1988738487387390E-008
   663.00000000000000        6.7074169897789226E-008   6.7074169897789226E-008
   664.00000000000000        6.2495111901919515E-008   6.2495111901919515E-008
   665.00000000000000        5.8228659670734102E-008   5.8228659670734102E-008
   666.00000000000000        5.4253472055088920E-008   5.4253472055088920E-008
   667.00000000000000        5.0549664835564768E-008   5.0549664835564768E-008
   668.00000000000000        4.7098711259971472E-008   4.7098711259971472E-008
   669.00000000000000        4.3883349371012248E-008   4.3883349371012248E-008
   670.00000000000000        4.0887495660554829E-008   4.0887495660554829E-008
   671.00000000000000        3.8096164618598834E-008   3.8096164618598834E-008
   672.00000000000000        3.5495393774520678E-008   3.5495393774520678E-008
   673.00000000000000        3.3072173855643493E-008   3.3072173855643493E-008
   674.00000000000000        3.0814383713780953E-008   3.0814383713780953E-008
   675.00000000000000        2.8710729694252289E-008   2.8710729694252289E-008
   676.00000000000000        2.6750689144087404E-008   2.6750689144087404E-008
   677.00000000000000        2.4924457776845503E-008   2.4924457776845503E-008
   678.00000000000000        2.3222900630762166E-008   2.3222900630762166E-008
   679.00000000000000        2.1637506374913243E-008   2.1637506374913243E-008
   680.00000000000000        2.0160344734831526E-008   2.0160344734831526E-008
   681.00000000000000        1.8784026824615575E-008   1.8784026824615575E-008
   682.00000000000000        1.7501668187108830E-008   1.7501668187108830E-008
   683.00000000000000        1.6306854357272808E-008   1.6306854357272808E-008
   684.00000000000000        1.5193608776499754E-008   1.5193608776499754E-008
   685.00000000000000        1.4156362897369363E-008   1.4156362897369363E-008
   686.00000000000000        1.3189928329311290E-008   1.3189928329311290E-008
   687.00000000000000        1.2289470885843607E-008   1.2289470885843607E-008
   688.00000000000000        1.1450486403569501E-008   1.1450486403569501E-008
   689.00000000000000        1.0668778211976765E-008   1.0668778211976765E-008
   690.00000000000000        9.9404361413422340E-009   9.9404361413422340E-009
   691.00000000000000        9.2618169637369016E-009   9.2618169637369016E-009
   692.00000000000000        8.6295261692961042E-009   8.6295261692961042E-009
   693.00000000000000        8.0404009865981008E-009   8.0404009865981008E-009
   694.00000000000000        7.4914945622175970E-009   7.4914945622175970E-009
   695.00000000000000        6.9800612203190391E-009   6.9800612203190391E-009
   696.00000000000000        6.5035427285570753E-009   6.5035427285570753E-009
   697.00000000000000        6.0595555015846861E-009   6.0595555015846861E-009
   698.00000000000000        5.6458786781604002E-009   5.6458786781604002E-009
   699.00000000000000        5.2604430122149300E-009   5.2604430122149300E-009
   700.00000000000000        4.9013205223095259E-009   4.9013205223095259E-009
   701.00000000000000        4.5667148477118171E-009   4.5667148477118171E-009
   702.00000000000000        4.2549522628493727E-009   4.2549522628493727E-009
   703.00000000000000        3.9644733051945655E-009   3.9644733051945655E-009
   704.00000000000000        3.6938249747027331E-009   3.6938249747027331E-009
   705.00000000000000        3.4416534657845304E-009   3.4416534657845304E-009
   706.00000000000000        3.2066973954572528E-009   3.2066973954572528E-009
   707.00000000000000        2.9877814938017287E-009   2.9877814938017287E-009
   708.00000000000000        2.7838107251639645E-009   2.7838107251639645E-009
   709.00000000000000        2.5937648106952627E-009   2.5937648106952627E-009
   710.00000000000000        2.4166931248321386E-009   2.4166931248321386E-009
   711.00000000000000        2.2517099401877758E-009   2.2517099401877758E-009
   712.00000000000000        2.0979899970695879E-009   2.0979899970695879E-009
   713.00000000000000        1.9547643754612352E-009   1.9547643754612352E-009
   714.00000000000000        1.8213166488204107E-009   1.8213166488204107E-009
   715.00000000000000        1.6969793004533653E-009   1.6969793004533653E-009
   716.00000000000000        1.5811303845405912E-009   1.5811303845405912E-009
   717.00000000000000        1.4731904151118115E-009   1.4731904151118115E-009
   718.00000000000000        1.3726194674087032E-009   1.3726194674087032E-009
   719.00000000000000        1.2789144771360966E-009   1.2789144771360966E-009
   720.00000000000000        1.1916067240922913E-009   1.1916067240922913E-009
   721.00000000000000        1.1102594875914056E-009   1.1102594875914056E-009
   722.00000000000000        1.0344658619499898E-009   1.0344658619499898E-009
   723.00000000000000        9.6384672111073668E-010   9.6384672111073668E-010
   724.00000000000000        8.9804882222224732E-010   8.9804882222224732E-010
   725.00000000000000        8.3674303868873555E-010   8.3674303868873555E-010
   726.00000000000000        7.7962271385126217E-010   7.7962271385126217E-010
   727.00000000000000        7.2640212706547500E-010   7.2640212706547500E-010
   728.00000000000000        6.7681506450304249E-010   6.7681506450304249E-010
   729.00000000000000        6.3061348752781460E-010   6.3061348752781460E-010
   730.00000000000000        5.8756629198581289E-010   5.8756629198581289E-010
   731.00000000000000        5.4745815220291920E-010   5.4745815220291920E-010
   732.00000000000000        5.1008844390783760E-010   5.1008844390783760E-010
   733.00000000000000        4.7527024069270554E-010   4.7527024069270554E-010
   734.00000000000000        4.4282937899156224E-010   4.4282937899156224E-010
   735.00000000000000        4.1260358689961996E-010   4.1260358689961996E-010
   736.00000000000000        3.8444167247562038E-010   3.8444167247562038E-010
   737.00000000000000        3.5820276746709309E-010   3.5820276746709309E-010
   738.00000000000000        3.3375562267557196E-010   3.3375562267557196E-010
   739.00000000000000        3.1097795143712169E-010   3.1097795143712169E-010
   740.00000000000000        2.8975581793421411E-010   2.8975581793421411E-010
   741.00000000000000        2.6998306727923495E-010   2.6998306727923495E-010
   742.00000000000000        2.5156079451885409E-010   2.5156079451885409E-010
   743.00000000000000        2.3439684990317377E-010   2.3439684990317377E-010
   744.00000000000000        2.1840537794496864E-010   2.1840537794496864E-010
   745.00000000000000        2.0350638796335521E-010   2.0350638796335521E-010
   746.00000000000000        1.8962535396371225E-010   1.8962535396371225E-010
   747.00000000000000        1.7669284185242233E-010   1.7669284185242233E-010
   748.00000000000000        1.6464416212172167E-010   1.6464416212172167E-010
   749.00000000000000        1.5341904626737223E-010   1.5341904626737223E-010
   750.00000000000000        1.4296134532055961E-010   1.4296134532055961E-010
   751.00000000000000        1.3321874898605299E-010   1.3321874898605299E-010
   752.00000000000000        1.2414252398173113E-010   1.2414252398173113E-010
   753.00000000000000        1.1568727027062733E-010   1.1568727027062733E-010
   754.00000000000000        1.0781069396614566E-010   1.0781069396614566E-010
   755.00000000000000        1.0047339577450115E-010   1.0047339577450115E-010
   756.00000000000000        9.3638673916155625E-011   9.3638673916155625E-011
   757.00000000000000        8.7272340540445064E-011   8.7272340540445064E-011
   758.00000000000000        8.1342550715089948E-011   8.1342550715089948E-011
   759.00000000000000        7.5819643135179339E-011   7.5819643135179339E-011
   760.00000000000000        7.0675991754841614E-011   7.0675991754841614E-011
   761.00000000000000        6.5885867599451447E-011   6.5885867599451447E-011
   762.00000000000000        6.1425310067145567E-011   6.1425310067145567E-011
   763.00000000000000        5.7272007075887503E-011   5.7272007075887503E-011
   764.00000000000000        5.3405183456565969E-011   5.3405183456565969E-011
   765.00000000000000        4.9805497033860657E-011   4.9805497033860657E-011
   766.00000000000000        4.6454941875062732E-011   4.6454941875062732E-011
   767.00000000000000        4.3336758222892668E-011   4.3336758222892668E-011
   768.00000000000000        4.0435348661791944E-011   4.0435348661791944E-011
   769.00000000000000        3.7736200098345177E-011   3.7736200098345177E-011
   770.00000000000000        3.5225811165572474E-011   3.5225811165572474E-011
   771.00000000000000        3.2891624687961976E-011   3.2891624687961976E-011
   772.00000000000000        3.0721964869427054E-011   3.0721964869427054E-011
   773.00000000000000        2.8705978889997750E-011   2.8705978889997750E-011
   774.00000000000000        2.6833582619106398E-011   2.6833582619106398E-011
   775.00000000000000        2.5095410173923182E-011   2.5095410173923182E-011
   776.00000000000000        2.3482767070426335E-011   2.3482767070426335E-011
   777.00000000000000        2.1987586732865530E-011   2.1987586732865530E-011
   778.00000000000000        2.0602390144074993E-011   2.0602390144074993E-011
   779.00000000000000        1.9320248434803749E-011   1.9320248434803749E-011
   780.00000000000000        1.8134748224931835E-011   1.8134748224931835E-011
   781.00000000000000        1.7039959543206299E-011   1.7039959543206299E-011
   782.00000000000000        1.6030406165028720E-011   1.6030406165028720E-011
   783.00000000000000        1.5101038219921579E-011   1.5101038219921579E-011
   784.00000000000000        1.4247206931653490E-011   1.4247206931653490E-011
   785.00000000000000        1.3464641364671528E-011   1.3464641364671528E-011
   786.00000000000000        1.2749427060524195E-011   1.2749427060524195E-011
   787.00000000000000        1.2097986457412658E-011   1.2097986457412658E-011
   788.00000000000000        1.1507060994927280E-011   1.1507060994927280E-011
   789.00000000000000        1.0973694814455773E-011   1.0973694814455773E-011
   790.00000000000000        1.0495219973731074E-011   1.0495219973731074E-011
   791.00000000000000        1.0069243101560856E-011   1.0069243101560856E-011
   792.00000000000000        9.6936334259845619E-012   9.6936334259845619E-012
   793.00000000000000        9.3665121159737513E-012   9.3665121159737513E-012
   794.00000000000000        9.0862428833620701E-012   9.0862428833620701E-012
   795.00000000000000        8.8514237979949175E-012   8.8514237979949175E-012
   796.00000000000000        8.6608802751575091E-012   8.6608802751575091E-012
   797.00000000000000        8.5136592002038102E-012   8.5136592002038102E-012
   798.00000000000000        8.4090241609974022E-012   8.4090241609974022E-012
   799.00000000000000        8.3464517643162419E-012   8.3464517643162419E-012
   800.00000000000000        8.3256290177960402E-012   8.3256290177960402E-012
