test case solitary wave on a simple beach

results of non-hydrostatic model (using finite element model): non-linear shallow water model

results at non-dim. t = 35

1st column: location in meters
2nd column: ssh values in meters

  -109.90000000000001       -1.6836636137765651E-008
  -110.00000000000000        3.5286352835168228E-008
  -109.80000000000000       -1.0888104541866241E-009
  -109.69999999999999        2.5870315740068390E-009
  -109.59999999999999       -1.5658075938475802E-009
  -109.50000000000000        2.0770949854757489E-009
  -109.40000000000001       -2.2458878890473786E-009
  -109.30000000000001        1.0298524652091917E-009
  -109.20000000000000       -4.5521064455649231E-009
  -109.09999999999999        1.4168377137407444E-009
  -109.00000000000000       -6.4353910729999455E-009
  -108.90000000000001        1.7406751967373893E-009
  -108.80000000000000       -8.0823752521100704E-009
  -108.69999999999999        1.6509987799201019E-009
  -108.59999999999999       -8.7301318919045522E-009
  -108.50000000000000        1.7014160285349885E-009
  -108.40000000000001       -7.3043375686662120E-009
  -108.30000000000001        4.0932005483015415E-010
  -108.20000000000000       -3.6035415371158975E-009
  -108.09999999999999       -4.6196977249632088E-010
  -108.00000000000000        2.5104790295148162E-009
  -107.90000000000001       -4.4958776400245172E-011
  -107.80000000000000        7.0973729989851491E-009
  -107.69999999999999        1.6847120080324658E-009
  -107.59999999999999        1.2582792117774759E-008
  -107.50000000000000        1.9518665619184992E-009
  -107.40000000000001        1.0060537783301225E-008
  -107.30000000000001        5.0877041694950322E-009
  -107.20000000000000        1.3220053066949008E-008
  -107.09999999999999       -4.2880991828868907E-009
  -107.00000000000000        1.3048320549537281E-008
  -106.90000000000001        4.5173767117376178E-009
  -106.80000000000000       -2.0841953277351225E-008
  -106.69999999999999       -4.6441463918152499E-010
  -106.59999999999999       -6.9498090730670345E-009
  -106.50000000000000        2.9760846207671056E-009
  -106.40000000000001       -1.6543138928698198E-008
  -106.30000000000001       -1.6100341578004719E-009
  -106.20000000000000        6.6352071114401132E-009
  -106.09999999999999        4.2723022657548770E-009
  -106.00000000000000        2.1237909019649171E-008
  -105.90000000000001        5.3038172479979139E-010
  -105.80000000000000        8.7733206783983287E-009
  -105.69999999999999        2.5375220555752871E-009
  -105.59999999999999        9.2648502737825130E-009
  -105.50000000000000        1.7684317197208316E-009
  -105.40000000000001       -2.9466482857776467E-008
  -105.30000000000001       -1.6004654063627582E-009
  -105.20000000000000       -6.9754595105975870E-009
  -105.09999999999999        3.9434472422945996E-009
  -105.00000000000000        3.3636603467362725E-008
  -104.90000000000001        3.3702927384095610E-009
  -104.80000000000000        4.1826009856871015E-010
  -104.69999999999999       -1.3548792816804710E-010
  -104.59999999999999       -1.5208616279685734E-008
  -104.50000000000000        1.4029686590027763E-009
  -104.40000000000001        5.9594969154156135E-009
  -104.30000000000001        3.0930420909635218E-009
  -104.20000000000000        7.7593216521240387E-009
  -104.09999999999999        2.2324230924842702E-009
  -104.00000000000000       -2.4788259460148910E-010
  -103.90000000000001        9.5691033507224544E-010
  -103.80000000000000        7.9504930029279438E-010
  -103.69999999999999        3.0385302608463313E-009
  -103.59999999999999        2.8929032394023671E-009
  -103.50000000000000        2.1038432000497456E-009
  -103.40000000000001        2.7044427788599162E-009
  -103.30000000000001        1.9099276498421126E-009
  -103.20000000000000        2.1060012419489530E-009
  -103.09999999999999        3.0497748141640024E-009
  -103.00000000000000        2.2063669047851877E-009
  -102.90000000000001        2.0145798769775807E-009
  -102.80000000000000        3.0321312093132368E-009
  -102.69999999999999        2.6424471389158241E-009
  -102.59999999999999        2.1531469410249903E-009
  -102.50000000000000        3.0799694917021062E-009
  -102.40000000000001        3.0372823871938450E-009
  -102.30000000000001        2.1301568986478656E-009
  -102.20000000000000        2.7495209683981956E-009
  -102.09999999999999        3.3888231087372189E-009
  -102.00000000000000        2.7408113041590837E-009
  -101.90000000000001        2.8425232893483093E-009
  -101.80000000000000        3.3082363477059782E-009
  -101.69999999999999        2.6576597083174189E-009
  -101.59999999999999        2.8291056213592859E-009
  -101.50000000000000        3.9651164528502280E-009
  -101.40000000000001        3.3377413263114292E-009
  -101.30000000000001        2.2992009878761631E-009
  -101.20000000000000        3.3661387607652256E-009
  -101.09999999999999        4.1559612894502909E-009
  -101.00000000000000        3.1924641161426923E-009
  -100.90000000000001        3.0429856110693031E-009
  -100.80000000000000        3.7664349175885822E-009
  -100.69999999999999        3.4856164002537111E-009
  -100.59999999999999        3.4172613886240049E-009
  -100.50000000000000        4.1428240993065551E-009
  -100.40000000000001        3.7115650166112950E-009
  -100.30000000000001        3.0060337420568478E-009
  -100.20000000000000        4.0031058346200962E-009
  -100.09999999999999        4.6165976043012036E-009
  -100.00000000000000        3.4789036830164939E-009
  -99.900000000000006        3.3172305340643699E-009
  -99.799999999999997        4.5046116073335938E-009
  -99.699999999999989        4.3377958286440180E-009
  -99.599999999999994        3.5057198548580873E-009
  -99.500000000000000        4.0982297843095039E-009
  -99.400000000000006        4.5881777028702918E-009
  -99.300000000000011        3.8779112236934726E-009
  -99.200000000000003        3.9195562016715654E-009
  -99.099999999999994        4.6932696434167393E-009
  -99.000000000000000        4.3013969842438570E-009
  -98.900000000000006        3.7641920050023804E-009
  -98.799999999999997        4.4978887656833122E-009
  -98.699999999999989        4.7643900676978890E-009
  -98.599999999999994        3.9248942972928734E-009
  -98.500000000000000        4.0651096969148774E-009
  -98.400000000000006        4.9209217636684769E-009
  -98.300000000000011        4.4228927907046826E-009
  -98.200000000000003        3.6992584897185158E-009
  -98.099999999999994        4.4969026362169327E-009
  -98.000000000000000        4.9954720330277487E-009
  -97.900000000000006        3.9716923237517521E-009
  -97.799999999999997        3.6837486888078813E-009
  -97.699999999999989        4.7309967301600351E-009
  -97.599999999999994        4.7043191449466232E-009
  -97.500000000000000        3.6251265920335063E-009
  -97.400000000000006        3.7801143382540492E-009
  -97.300000000000011        4.5943093227767546E-009
  -97.200000000000003        4.1318950775430719E-009
  -97.099999999999994        3.4019826432280145E-009
  -97.000000000000000        3.8255130267872136E-009
  -96.900000000000006        4.0860439714121493E-009
  -96.799999999999997        3.3710465146089468E-009
  -96.699999999999989        3.1720973911503539E-009
  -96.599999999999994        3.6664106650180387E-009
  -96.500000000000000        3.2897285360523712E-009
  -96.400000000000006        2.4696359441535029E-009
  -96.300000000000011        2.7547867222320720E-009
  -96.200000000000003        3.1854996190130546E-009
  -96.099999999999994        2.2773790903333783E-009
  -96.000000000000000        1.4194842319777669E-009
  -95.900000000000006        1.9932300407085777E-009
  -95.799999999999997        2.2956933307454123E-009
  -95.699999999999989        1.0544549708729618E-009
  -95.599999999999994        1.6560803053564184E-010
  -95.500000000000000        7.8167983523884925E-010
  -95.400000000000006        9.2397743828382597E-010
  -95.300000000000011       -4.5147181856126598E-010
  -95.200000000000003       -1.3834892111489857E-009
  -95.099999999999994       -9.4439950255696707E-010
  -95.000000000000000       -1.0015866776701579E-009
  -94.900000000000006       -2.3753735615093006E-009
  -94.799999999999997       -3.3518571401397138E-009
  -94.699999999999989       -3.2364902288897320E-009
  -94.599999999999994       -3.5596451321244858E-009
  -94.500000000000000       -4.8904422332421461E-009
  -94.400000000000006       -5.8970334463050079E-009
  -94.300000000000011       -6.1648501474112774E-009
  -94.200000000000003       -6.8418727841140130E-009
  -94.099999999999994       -8.1862638444636556E-009
  -94.000000000000000       -9.2115844779176028E-009
  -93.900000000000006       -9.8458855716011368E-009
  -93.799999999999997       -1.0962083139565173E-008
  -93.699999999999989       -1.2455286939560829E-008
  -93.599999999999994       -1.3522179259452484E-008
  -93.500000000000000       -1.4461467872480095E-008
  -93.400000000000006       -1.6070208218195218E-008
  -93.300000000000011       -1.7890093482570797E-008
  -93.200000000000003       -1.9085743906166104E-008
  -93.099999999999994       -2.0268930273076562E-008
  -93.000000000000000       -2.2370667840245707E-008
  -92.900000000000006       -2.4692396355215119E-008
  -92.799999999999997       -2.6184562545433336E-008
  -92.699999999999989       -2.7601661017919156E-008
  -92.599999999999994       -3.0142791919703309E-008
  -92.500000000000000       -3.3093799367160689E-008
  -92.400000000000006       -3.5123660962827256E-008
  -92.300000000000011       -3.6861050437832863E-008
  -92.200000000000003       -3.9759898976692079E-008
  -92.099999999999994       -4.3387538916572939E-008
  -92.000000000000000       -4.6234691726741505E-008
  -91.900000000000006       -4.8501578728026265E-008
  -91.799999999999997       -5.1702881689961072E-008
  -91.699999999999989       -5.5969096720657942E-008
  -91.599999999999994       -5.9891385599118894E-008
  -91.500000000000000       -6.3012846306225486E-008
  -91.400000000000006       -6.6563300577271616E-008
  -91.300000000000011       -7.1380616134495272E-008
  -91.200000000000003       -7.6542422409994923E-008
  -91.099999999999994       -8.0906746987776117E-008
  -91.000000000000000       -8.5030822373339822E-008
  -90.900000000000006       -9.0348029580444503E-008
  -90.799999999999997       -9.6766397366161654E-008
  -90.699999999999989       -1.0272569772831395E-007
  -90.599999999999994       -1.0786366469231158E-007
  -90.500000000000000       -1.1379118974315175E-007
  -90.400000000000006       -1.2134569400515897E-007
  -90.300000000000011       -1.2909572554200065E-007
  -90.200000000000003       -1.3585413675559411E-007
  -90.099999999999994       -1.4278328370059112E-007
  -90.000000000000000       -1.5133637091080663E-007
  -89.900000000000006       -1.6084391767938705E-007
  -89.799999999999997       -1.6982660044346104E-007
  -89.699999999999989       -1.7845394561453808E-007
  -89.599999999999994       -1.8808396487252417E-007
  -89.500000000000000       -1.9916258880975017E-007
  -89.400000000000006       -2.1072707389681268E-007
  -89.300000000000011       -2.2188919966509923E-007
  -89.200000000000003       -2.3312989380535801E-007
  -89.099999999999994       -2.4572566436681875E-007
  -89.000000000000000       -2.5983789148505083E-007
  -88.900000000000006       -2.7416307752195394E-007
  -88.799999999999997       -2.8802341070200729E-007
  -88.699999999999989       -3.0260160650859609E-007
  -88.599999999999994       -3.1902982720938080E-007
  -88.500000000000000       -3.3663936136782182E-007
  -88.400000000000006       -3.5421531857707832E-007
  -88.300000000000011       -3.7190167070185702E-007
  -88.200000000000003       -3.9079775112465347E-007
  -88.099999999999994       -4.1146029165970283E-007
  -88.000000000000000       -4.3331658921031297E-007
  -87.900000000000006       -4.5544400616051378E-007
  -87.799999999999997       -4.7786200745047800E-007
  -87.699999999999989       -5.0174328856647987E-007
  -87.599999999999994       -5.2774821505720239E-007
  -87.500000000000000       -5.5502448264043341E-007
  -87.400000000000006       -5.8261876386414399E-007
  -87.300000000000011       -6.1097420113280827E-007
  -87.200000000000003       -6.4114449930644228E-007
  -87.099999999999994       -6.7345555928329359E-007
  -87.000000000000000       -7.0732655411865562E-007
  -86.900000000000006       -7.4204020542487574E-007
  -86.799999999999997       -7.7766524852587884E-007
  -86.699999999999989       -8.1523178810953973E-007
  -86.599999999999994       -8.5538650752134589E-007
  -86.500000000000000       -8.9750955573763570E-007
  -86.400000000000006       -9.4076824228475453E-007
  -86.300000000000011       -9.8536077811051572E-007
  -86.200000000000003       -1.0321111995166697E-006
  -86.099999999999994       -1.0816068974130659E-006
  -86.000000000000000       -1.1336887284217324E-006
  -85.900000000000006       -1.1876271430709364E-006
  -85.799999999999997       -1.2431037941117018E-006
  -85.699999999999989       -1.3008873568806957E-006
  -85.599999999999994       -1.3618279610152973E-006
  -85.500000000000000       -1.4259056037753179E-006
  -85.400000000000006       -1.4925533141340717E-006
  -85.300000000000011       -1.5614117398682195E-006
  -85.200000000000003       -1.6327025013734955E-006
  -85.099999999999994       -1.7072710497579878E-006
  -85.000000000000000       -1.7856744153998766E-006
  -84.900000000000006       -1.8675707328533180E-006
  -84.799999999999997       -1.9523743356820257E-006
  -84.699999999999989       -2.0400955031167691E-006
  -84.599999999999994       -2.1312391376416995E-006
  -84.500000000000000       -2.2265261839266346E-006
  -84.400000000000006       -2.3262630870031659E-006
  -84.300000000000011       -2.4300417156311660E-006
  -84.200000000000003       -2.5373939787610773E-006
  -84.099999999999994       -2.6485291071268385E-006
  -84.000000000000000       -2.7640298630471134E-006
  -83.900000000000006       -2.8845094415225320E-006
  -83.799999999999997       -3.0101730637876346E-006
  -83.699999999999989       -3.1406625682979494E-006
  -83.599999999999994       -3.2756077865513813E-006
  -83.500000000000000       -3.4152571676054819E-006
  -83.400000000000006       -3.5601615426957146E-006
  -83.300000000000011       -3.7109053082115119E-006
  -83.200000000000003       -3.8677240288492163E-006
  -83.099999999999994       -4.0303546874562560E-006
  -83.000000000000000       -4.1984748118437913E-006
  -82.900000000000006       -4.3722528942678336E-006
  -82.799999999999997       -4.5521305021234219E-006
  -82.699999999999989       -4.7387102174558547E-006
  -82.599999999999994       -4.9323418428877796E-006
  -82.500000000000000       -5.1329093448606139E-006
  -82.400000000000006       -5.3401362920280426E-006
  -82.300000000000011       -5.5540315345456289E-006
  -82.200000000000003       -5.7748368654303338E-006
  -82.099999999999994       -6.0031301434188247E-006
  -82.000000000000000       -6.2393793693698332E-006
  -81.900000000000006       -6.4836951338979781E-006
  -81.799999999999997       -6.7359333642402199E-006
  -81.699999999999989       -6.9959506686525370E-006
  -81.599999999999994       -7.2637208177731734E-006
  -81.500000000000000       -7.5396403928139612E-006
  -81.400000000000006       -7.8241564962756806E-006
  -81.300000000000011       -8.1176281110701377E-006
  -81.200000000000003       -8.4201660536299145E-006
  -81.099999999999994       -8.7316436549536411E-006
  -81.000000000000000       -9.0518537632163777E-006
  -80.900000000000006       -9.3808511335338102E-006
  -80.799999999999997       -9.7188011698265741E-006
  -80.699999999999989       -1.0066104919443250E-005
  -80.599999999999994       -1.0423068791166116E-005
  -80.500000000000000       -1.0789815654694979E-005
  -80.400000000000006       -1.1166251217795621E-005
  -80.300000000000011       -1.1552207409808391E-005
  -80.200000000000003       -1.1947485413116004E-005
  -80.099999999999994       -1.2352153901449789E-005
  -80.000000000000000       -1.2766323193025315E-005
  -79.900000000000006       -1.3190250114870735E-005
  -79.799999999999997       -1.3624065186888384E-005
  -79.699999999999989       -1.4067766042834815E-005
  -79.599999999999994       -1.4521156427742418E-005
  -79.500000000000000       -1.4984003146816552E-005
  -79.400000000000006       -1.5456005077869517E-005
  -79.300000000000011       -1.5937065745795926E-005
  -79.200000000000003       -1.6427081832794525E-005
  -79.099999999999994       -1.6926114016338803E-005
  -79.000000000000000       -1.7434116603301961E-005
  -78.900000000000006       -1.7951007005627640E-005
  -78.799999999999997       -1.8476516167871521E-005
  -78.699999999999989       -1.9010321963521977E-005
  -78.599999999999994       -1.9551963581350236E-005
  -78.500000000000000       -2.0101086352651679E-005
  -78.400000000000006       -2.0657268911151246E-005
  -78.300000000000011       -2.1220274586747118E-005
  -78.200000000000003       -2.1789784957117312E-005
  -78.099999999999994       -2.2365582448717830E-005
  -78.000000000000000       -2.2947298257319926E-005
  -77.900000000000006       -2.3534567916322068E-005
  -77.799999999999997       -2.4126843566458930E-005
  -77.699999999999989       -2.4723597554131726E-005
  -77.599999999999994       -2.5324145225910538E-005
  -77.500000000000000       -2.5927910723254024E-005
  -77.400000000000006       -2.6534195499052131E-005
  -77.300000000000011       -2.7142465160877351E-005
  -77.200000000000003       -2.7752061739963390E-005
  -77.099999999999994       -2.8362475888771739E-005
  -77.000000000000000       -2.8973044403814046E-005
  -76.900000000000006       -2.9583209834402141E-005
  -76.799999999999997       -3.0192232125468351E-005
  -76.699999999999989       -3.0799460355365781E-005
  -76.599999999999994       -3.1404052078456645E-005
  -76.500000000000000       -3.2005276325074221E-005
  -76.400000000000006       -3.2602216793034883E-005
  -76.300000000000011       -3.3194108209611120E-005
  -76.200000000000003       -3.3780007067584621E-005
  -76.099999999999994       -3.4359153044596040E-005
  -76.000000000000000       -3.4930606675531703E-005
  -75.900000000000006       -3.5493628009893987E-005
  -75.799999999999997       -3.6047289167128064E-005
  -75.699999999999989       -3.6590868132802733E-005
  -75.599999999999994       -3.7123442989561561E-005
  -75.500000000000000       -3.7644303471318490E-005
  -75.400000000000006       -3.8152528296741833E-005
  -75.300000000000011       -3.8647418567680148E-005
  -75.200000000000003       -3.9128055468041227E-005
  -75.099999999999994       -3.9593758759506219E-005
  -75.000000000000000       -4.0043620910808279E-005
  -74.900000000000006       -4.0476992530629926E-005
  -74.799999999999997       -4.0892989804470178E-005
  -74.699999999999989       -4.1291007739940533E-005
  -74.599999999999994       -4.1670199075421667E-005
  -74.500000000000000       -4.2030015878674822E-005
  -74.400000000000006       -4.2369658960499530E-005
  -74.300000000000011       -4.2688648427118940E-005
  -74.200000000000003       -4.2986242932895112E-005
  -74.099999999999994       -4.3262039970229709E-005
  -74.000000000000000       -4.3515364240724116E-005
  -73.900000000000006       -4.3745898624730884E-005
  -73.799999999999997       -4.3953040780134821E-005
  -73.699999999999989       -4.4136565829286798E-005
  -73.599999999999994       -4.4295950144382614E-005
  -73.500000000000000       -4.4431066839984240E-005
  -73.400000000000006       -4.4541475608491412E-005
  -73.300000000000011       -4.4627152140089181E-005
  -73.200000000000003       -4.4687742816857579E-005
  -73.099999999999994       -4.4723329219487899E-005
  -73.000000000000000       -4.4733646448855390E-005
  -72.900000000000006       -4.4718883930334589E-005
  -72.799999999999997       -4.4678866087661077E-005
  -72.699999999999989       -4.4613890724840553E-005
  -72.599999999999994       -4.4523870719976250E-005
  -72.500000000000000       -4.4409211351609921E-005
  -72.400000000000006       -4.4269911605319246E-005
  -72.300000000000011       -4.4106481915183128E-005
  -72.200000000000003       -4.3919003583226398E-005
  -72.099999999999994       -4.3708088526481463E-005
  -72.000000000000000       -4.3473895199605452E-005
  -71.900000000000006       -4.3217132072234845E-005
  -71.799999999999997       -4.2938028319303839E-005
  -71.699999999999989       -4.2637382900391968E-005
  -71.599999999999994       -4.2315488141902913E-005
  -71.500000000000000       -4.1973226449235949E-005
  -71.400000000000006       -4.1610944751033884E-005
  -71.300000000000011       -4.1229601043979467E-005
  -71.200000000000003       -4.0829587503104303E-005
  -71.099999999999994       -4.0411929236211269E-005
  -71.000000000000000       -3.9977053688793612E-005
  -70.900000000000006       -3.9526044168744583E-005
  -70.799999999999997       -3.9059352989333950E-005
  -70.699999999999989       -3.8578112513515346E-005
  -70.599999999999994       -3.8082789287002366E-005
  -70.500000000000000       -3.7574555543549080E-005
  -70.400000000000006       -3.7053881383620479E-005
  -70.300000000000011       -3.6521969875307262E-005
  -70.200000000000003       -3.5979284133823202E-005
  -70.099999999999994       -3.5427049347412737E-005
  -70.000000000000000       -3.4865711410625063E-005
  -69.900000000000006       -3.4296509398272694E-005
  -69.799999999999997       -3.3719862202072400E-005
  -69.699999999999989       -3.3137015168621016E-005
  -69.599999999999994       -3.2548350986258491E-005
  -69.500000000000000       -3.1955114394841630E-005
  -69.400000000000006       -3.1357643366144984E-005
  -69.300000000000011       -3.0757175983634841E-005
  -69.200000000000003       -3.0153997758451436E-005
  -69.099999999999994       -2.9549334966431214E-005
  -69.000000000000000       -2.8943413741602479E-005
  -68.900000000000006       -2.8337444345494525E-005
  -68.799999999999997       -2.7731587479501918E-005
  -68.699999999999989       -2.7127034150678192E-005
  -68.599999999999994       -2.6523874445550231E-005
  -68.500000000000000       -2.5923277845362412E-005
  -68.400000000000006       -2.5325259503701540E-005
  -68.300000000000011       -2.4730966055322925E-005
  -68.200000000000003       -2.4140334239116479E-005
  -68.099999999999994       -2.3554487438701065E-005
  -68.000000000000000       -2.2973281289271981E-005
  -67.900000000000006       -2.2397816386216248E-005
  -67.799999999999997       -2.1827865307637378E-005
  -67.699999999999989       -2.1264507130891746E-005
  -67.599999999999994       -2.0707430091507459E-005
  -67.500000000000000       -2.0157693757171282E-005
  -67.400000000000006       -1.9614901327665582E-005
  -67.300000000000011       -1.9080095533216226E-005
  -67.200000000000003       -1.8552794356738724E-005
  -67.099999999999994       -1.8034026948416132E-005
  -67.000000000000000       -1.7523226321305014E-005
  -66.900000000000006       -1.7021411809722863E-005
  -66.799999999999997       -1.6527932048620676E-005
  -66.699999999999989       -1.6043800748412566E-005
  -66.599999999999994       -1.5568283019948075E-005
  -66.500000000000000       -1.5102391494572741E-005
  -66.400000000000006       -1.4645308796574812E-005
  -66.300000000000011       -1.4198051304054336E-005
  -66.200000000000003       -1.3759720300980884E-005
  -66.099999999999994       -1.3331340952979030E-005
  -66.000000000000000       -1.2911934389864819E-005
  -65.900000000000006       -1.2502539760645432E-005
  -65.799999999999997       -1.2102099204310935E-005
  -65.699999999999989       -1.1711671150835117E-005
  -65.599999999999994       -1.1330119832113392E-005
  -65.500000000000000       -1.0958528311710974E-005
  -65.400000000000006       -1.0595683870704529E-005
  -65.300000000000011       -1.0242699574260835E-005
  -65.200000000000003       -9.8982865388156180E-006
  -65.099999999999994       -9.5635931815380175E-006
  -65.000000000000000       -9.2372550355073102E-006
  -64.900000000000006       -8.9204611766506409E-006
  -64.799999999999997       -8.6117719021309363E-006
  -64.699999999999989       -8.3124221897999313E-006
  -64.599999999999994       -8.0208971920523370E-006
  -64.500000000000000       -7.7384829535491323E-006
  -64.400000000000006       -7.4635893002887211E-006
  -64.300000000000011       -7.1975584208049302E-006
  -64.200000000000003       -6.9387243485267333E-006
  -64.099999999999994       -6.6884904001986567E-006
  -64.000000000000000       -6.4451140590119895E-006
  -63.899999999999999       -6.2100646609451543E-006
  -63.799999999999997       -5.9815220864209763E-006
  -63.700000000000003       -5.7610264898768894E-006
  -63.600000000000001       -5.5466788026691481E-006
  -63.500000000000000       -5.3400947104742525E-006
  -63.399999999999999       -5.1392945588031872E-006
  -63.299999999999997       -4.9459741971772629E-006
  -63.200000000000003       -4.7580714644118868E-006
  -63.100000000000001       -4.5773669351490333E-006
  -63.000000000000000       -4.4017137440546188E-006
  -62.899999999999999       -4.2329816908847600E-006
  -62.799999999999997       -4.0689367423160413E-006
  -62.700000000000003       -3.9115423713603662E-006
  -62.600000000000001       -3.7584746573751970E-006
  -62.500000000000000       -3.6117951536065785E-006
  -62.399999999999999       -3.4690870899585745E-006
  -62.299999999999997       -3.3325144760962368E-006
  -62.200000000000003       -3.1995645004937323E-006
  -62.100000000000001       -3.0725079834285026E-006
  -62.000000000000000       -2.9487326636912346E-006
  -61.899999999999999       -2.8306205144897720E-006
  -61.799999999999997       -2.7154562153937917E-006
  -61.700000000000003       -2.6057372305395012E-006
  -61.600000000000001       -2.4986413826063550E-006
  -61.500000000000000       -2.3967859670652009E-006
  -61.399999999999999       -2.2972379809376701E-006
  -61.299999999999997       -2.2027388991262391E-006
  -61.200000000000003       -2.1102407676551443E-006
  -61.100000000000001       -2.0226135995181811E-006
  -61.000000000000000       -1.9366902249952884E-006
  -60.899999999999999       -1.8554735680390498E-006
  -60.799999999999997       -1.7756728531973251E-006
  -60.700000000000003       -1.7004283013676258E-006
  -60.600000000000001       -1.6263210357269196E-006
  -60.500000000000000       -1.5566329720417880E-006
  -60.399999999999999       -1.4878125461270477E-006
  -60.299999999999997       -1.4232877747392276E-006
  -60.200000000000003       -1.3593697500352190E-006
  -60.100000000000001       -1.2996369965625696E-006
  -60.000000000000000       -1.2402585561554520E-006
  -59.899999999999999       -1.1849678607164217E-006
  -59.799999999999997       -1.1297871630865177E-006
  -59.700000000000003       -1.0786091862595610E-006
  -59.600000000000001       -1.0273046454829622E-006
  -59.500000000000000       -9.7992990722143124E-007
  -59.399999999999999       -9.3219941388239481E-007
  -59.299999999999997       -8.8833748129206474E-007
  -59.200000000000003       -8.4389758255808481E-007
  -59.100000000000001       -8.0327622342748126E-007
  -59.000000000000000       -7.6186127389743192E-007
  -58.899999999999999       -7.2422558592130963E-007
  -58.799999999999997       -6.8558688369843320E-007
  -58.700000000000003       -6.5069841191088645E-007
  -58.600000000000001       -6.1460332749118055E-007
  -58.500000000000000       -5.8223917739822368E-007
  -58.399999999999999       -5.4847028167326266E-007
  -58.299999999999997       -5.1842223384143793E-007
  -58.200000000000003       -4.8677642971062505E-007
  -58.100000000000001       -4.5885004892737579E-007
  -58.000000000000000       -4.2913768906771687E-007
  -57.899999999999999       -4.0315139866725295E-007
  -57.799999999999997       -3.7519532922604548E-007
  -57.700000000000003       -3.5097933812726386E-007
  -57.600000000000001       -3.2461367537812015E-007
  -57.500000000000000       -3.0200841236191404E-007
  -57.399999999999999       -2.7707646185510413E-007
  -57.299999999999997       -2.5592950503992320E-007
  -57.200000000000003       -2.3227915689122416E-007
  -57.100000000000001       -2.1243790375684599E-007
  -57.000000000000000       -1.8991005147001129E-007
  -56.899999999999999       -1.7120293211176022E-007
  -56.799999999999997       -1.4960163086244204E-007
  -56.700000000000003       -1.3179022854516636E-007
  -56.600000000000001       -1.1080773016114305E-007
  -56.500000000000000       -9.3469270528634124E-008
  -56.399999999999999       -7.2506260881582208E-008
  -56.299999999999997       -5.4759881014963373E-008
  -56.200000000000003       -3.2518416885390557E-008
  -56.100000000000001       -1.2425680076904325E-008
  -56.000000000000000        1.3953559022566978E-008
  -55.899999999999999        4.0611895130567749E-008
  -55.799999999999997        7.7244137713362712E-008
  -55.700000000000003        1.1926687343150065E-007
  -55.600000000000001        1.7856504519562235E-007
  -55.500000000000000        2.5324099302605988E-007
  -55.399999999999999        3.5879643229617967E-007
  -55.299999999999997        4.9774967298933670E-007
  -55.200000000000003        6.9104628875346081E-007
  -55.100000000000001        9.4744760986993803E-007
  -55.000000000000000        1.2950090276160745E-006
  -54.899999999999999        1.7496226762249707E-006
  -54.799999999999997        2.3466470856814182E-006
  -54.700000000000003        3.1072111674299959E-006
  -54.600000000000001        4.0706345998366808E-006
  -54.500000000000000        5.2564185081347367E-006
  -54.399999999999999        6.6989358156793996E-006
  -54.299999999999997        8.4032415629502109E-006
  -54.200000000000003        1.0384252429781434E-005
  -54.100000000000001        1.2616597400953051E-005
  -54.000000000000000        1.5080262519113467E-005
  -53.899999999999999        1.7708932698552781E-005
  -53.799999999999997        2.0441758278535478E-005
  -53.700000000000003        2.3179167635579747E-005
  -53.600000000000001        2.5835776272723300E-005
  -53.500000000000000        2.8313031041470983E-005
  -53.399999999999999        3.0543494823074356E-005
  -53.299999999999997        3.2481344853753595E-005
  -53.200000000000003        3.4128342210033113E-005
  -53.100000000000001        3.5527364910741815E-005
  -53.000000000000000        3.6770126609186807E-005
  -52.899999999999999        3.7967355722585513E-005
  -52.799999999999997        3.9255598229753552E-005
  -52.700000000000003        4.0727382401447108E-005
  -52.600000000000001        4.2465341403734988E-005
  -52.500000000000000        4.4450147153332694E-005
  -52.399999999999999        4.6636549337324854E-005
  -52.299999999999997        4.8888694461586805E-005
  -52.200000000000003        5.1073973117847428E-005
  -52.100000000000001        5.3060926368029666E-005
  -52.000000000000000        5.4776791036881281E-005
  -51.899999999999999        5.6236110575411900E-005
  -51.799999999999997        5.7532521124429265E-005
  -51.700000000000003        5.8814879237930356E-005
  -51.600000000000001        6.0259207037336656E-005
  -51.500000000000000        6.1957797116103894E-005
  -51.399999999999999        6.3959111858915389E-005
  -51.299999999999997        6.6153633251803752E-005
  -51.200000000000003        6.8397882270593947E-005
  -51.100000000000001        7.0507402920448207E-005
  -51.000000000000000        7.2358834009052873E-005
  -50.899999999999999        7.3954273534549127E-005
  -50.799999999999997        7.5403055689752163E-005
  -50.700000000000003        7.6892373327076225E-005
  -50.600000000000001        7.8626075856914353E-005
  -50.500000000000000        8.0663032447134291E-005
  -50.399999999999999        8.2983481610028796E-005
  -50.299999999999997        8.5388050000993393E-005
  -50.200000000000003        8.7672504483730693E-005
  -50.100000000000001        8.9703011344320589E-005
  -50.000000000000000        9.1476276108332476E-005
  -49.899999999999999        9.3161753037058109E-005
  -49.799999999999997        9.5003622805560256E-005
  -49.700000000000003        9.7145056843962716E-005
  -49.600000000000001        9.9640068332900375E-005
  -49.500000000000000        1.0229193838542122E-004
  -49.399999999999999        1.0487065300799660E-004
  -49.299999999999997        1.0720084935218931E-004
  -49.200000000000003        1.0926660213150818E-004
  -49.100000000000001        1.1126328866558245E-004
  -49.000000000000000        1.1347324826994177E-004
  -48.899999999999999        1.1602262746496170E-004
  -48.799999999999997        1.1892014758467886E-004
  -48.700000000000003        1.2189609767137678E-004
  -48.600000000000001        1.2469401477935681E-004
  -48.500000000000000        1.2721215040727810E-004
  -48.399999999999999        1.2956781834454819E-004
  -48.299999999999997        1.3203214245146539E-004
  -48.200000000000003        1.3489204547276695E-004
  -48.100000000000001        1.3809339856124588E-004
  -48.000000000000000        1.4145978618584920E-004
  -47.899999999999999        1.4466589936903656E-004
  -47.799999999999997        1.4756992481679030E-004
  -47.700000000000003        1.5031874074678458E-004
  -47.600000000000001        1.5326133182694387E-004
  -47.500000000000000        1.5656827918917281E-004
  -47.399999999999999        1.6028646110482125E-004
  -47.299999999999997        1.6405359460970145E-004
  -47.200000000000003        1.6759367782387220E-004
  -47.100000000000001        1.7085097323051075E-004
  -47.000000000000000        1.7410648307575902E-004
  -46.899999999999999        1.7763727024123455E-004
  -46.799999999999997        1.8168292984887770E-004
  -46.700000000000003        1.8592141752557832E-004
  -46.600000000000001        1.9005644999930778E-004
  -46.500000000000000        1.9387240977956360E-004
  -46.399999999999999        1.9758751119335383E-004
  -46.299999999999997        2.0149989255834205E-004
  -46.200000000000003        2.0597303343123776E-004
  -46.100000000000001        2.1069509829199043E-004
  -46.000000000000000        2.1538757334478711E-004
  -45.899999999999999        2.1974155988546543E-004
  -45.799999999999997        2.2398890615221140E-004
  -45.700000000000003        2.2841670086000231E-004
  -45.600000000000001        2.3345588071980157E-004
  -45.500000000000000        2.3872235957501345E-004
  -45.399999999999999        2.4395084660856401E-004
  -45.299999999999997        2.4881021564000127E-004
  -45.200000000000003        2.5365061125789880E-004
  -45.100000000000001        2.5872376829267837E-004
  -45.000000000000000        2.6446167882676348E-004
  -44.899999999999999        2.7031607264691875E-004
  -44.799999999999997        2.7604797965408471E-004
  -44.700000000000003        2.8140015231428169E-004
  -44.600000000000001        2.8694318518279445E-004
  -44.500000000000000        2.9281109393557451E-004
  -44.399999999999999        2.9932561684166604E-004
  -44.299999999999997        3.0573549799294513E-004
  -44.200000000000003        3.1193294146465472E-004
  -44.100000000000001        3.1784399882495189E-004
  -44.000000000000000        3.2428126390537921E-004
  -43.899999999999999        3.3107277398285645E-004
  -43.799999999999997        3.3830687486865405E-004
  -43.700000000000003        3.4515345599358459E-004
  -43.600000000000001        3.5187087108956084E-004
  -43.500000000000000        3.5856385715157579E-004
  -43.399999999999999        3.6609237915632780E-004
  -43.299999999999997        3.7377164556601667E-004
  -43.200000000000003        3.8151027244434659E-004
  -43.100000000000001        3.8873229536066304E-004
  -43.000000000000000        3.9626362086010372E-004
  -42.899999999999999        4.0406109343250131E-004
  -42.799999999999997        4.1262724077400489E-004
  -42.700000000000003        4.2087915659414388E-004
  -42.600000000000001        4.2899468310614129E-004
  -42.500000000000000        4.3687585563497946E-004
  -42.399999999999999        4.4564453760361465E-004
  -42.299999999999997        4.5458471505243849E-004
  -42.200000000000003        4.6372729376405620E-004
  -42.100000000000001        4.7226655342023211E-004
  -42.000000000000000        4.8114905042598370E-004
  -41.899999999999999        4.9025400664015834E-004
  -41.799999999999997        5.0019259375063318E-004
  -41.700000000000003        5.0971701063715882E-004
  -41.600000000000001        5.1914801387112840E-004
  -41.500000000000000        5.2839063964815161E-004
  -41.399999999999999        5.3864914917967262E-004
  -41.299999999999997        5.4894031103886907E-004
  -41.200000000000003        5.5927712300462770E-004
  -41.100000000000001        5.6903099821175814E-004
  -41.000000000000000        5.7942119543722575E-004
  -40.899999999999999        5.9007613436600501E-004
  -40.799999999999997        6.0127905185982896E-004
  -40.700000000000003        6.1186545411686592E-004
  -40.600000000000001        6.2255376907874858E-004
  -40.500000000000000        6.3337524552946583E-004
  -40.399999999999999        6.4514450868094822E-004
  -40.299999999999997        6.5659085054983551E-004
  -40.200000000000003        6.6784734950233154E-004
  -40.100000000000001        6.7891379338572220E-004
  -40.000000000000000        6.9096229020193501E-004
  -39.899999999999999        7.0307093976313014E-004
  -39.799999999999997        7.1504410391097007E-004
  -39.700000000000003        7.2655521709855326E-004
  -39.600000000000001        7.3875237665903422E-004
  -39.500000000000000        7.5128142462982047E-004
  -39.399999999999999        7.6394260191788737E-004
  -39.299999999999997        7.7605519844688262E-004
  -39.200000000000003        7.8841227996650142E-004
  -39.100000000000001        8.0119607338893437E-004
  -39.000000000000000        8.1440290505812609E-004
  -38.899999999999999        8.2716179364803182E-004
  -38.799999999999997        8.3974910451969323E-004
  -38.700000000000003        8.5272033192488694E-004
  -38.600000000000001        8.6630276800652697E-004
  -38.500000000000000        8.7965479978728035E-004
  -38.399999999999999        8.9253084350549862E-004
  -38.299999999999997        9.0568522985951493E-004
  -38.200000000000003        9.1949996560256964E-004
  -38.100000000000001        9.3334009887724478E-004
  -38.000000000000000        9.4652019144096894E-004
  -37.899999999999999        9.5987179169262481E-004
  -37.799999999999997        9.7381883506591387E-004
  -37.700000000000003        9.8803072807074495E-004
  -37.600000000000001        1.0014868836905936E-003
  -37.500000000000000        1.0150385793192484E-003
  -37.399999999999999        1.0290552955241241E-003
  -37.299999999999997        1.0435337160822817E-003
  -37.200000000000003        1.0572083644036113E-003
  -37.100000000000001        1.0709408373765243E-003
  -37.000000000000000        1.0849891447886949E-003
  -36.899999999999999        1.0996469596547206E-003
  -36.799999999999997        1.1134679275431551E-003
  -36.700000000000003        1.1273409791359953E-003
  -36.600000000000001        1.1413964686156483E-003
  -36.500000000000000        1.1561631061686878E-003
  -36.399999999999999        1.1700543193314625E-003
  -36.299999999999997        1.1840139238689200E-003
  -36.200000000000003        1.1980595919186515E-003
  -36.100000000000001        1.2128762487417133E-003
  -36.000000000000000        1.2267635653769994E-003
  -35.899999999999999        1.2407504528049356E-003
  -35.799999999999997        1.2547740640603215E-003
  -35.700000000000003        1.2695884411404337E-003
  -35.600000000000001        1.2834025143024222E-003
  -35.500000000000000        1.2973604018882822E-003
  -35.399999999999999        1.3113532545010955E-003
  -35.299999999999997        1.3261145423078085E-003
  -35.200000000000003        1.3397929472104035E-003
  -35.100000000000001        1.3536762415414928E-003
  -35.000000000000000        1.3676312929322048E-003
  -34.899999999999999        1.3822851481437852E-003
  -34.799999999999997        1.3957758150560530E-003
  -34.700000000000003        1.4095567188120697E-003
  -34.600000000000001        1.4234641217658051E-003
  -34.500000000000000        1.4379481775225545E-003
  -34.399999999999999        1.4512159673382519E-003
  -34.299999999999997        1.4648896578606722E-003
  -34.200000000000003        1.4787285439149100E-003
  -34.100000000000001        1.4929704458777635E-003
  -34.000000000000000        1.5060070182282869E-003
  -33.899999999999999        1.5195922093775315E-003
  -33.799999999999997        1.5333200878159901E-003
  -33.700000000000003        1.5472415013379859E-003
  -33.600000000000001        1.5600755269215834E-003
  -33.500000000000000        1.5736062159619941E-003
  -33.399999999999999        1.5871507739714289E-003
  -33.299999999999997        1.6006820755706361E-003
  -33.200000000000003        1.6133830542830701E-003
  -33.100000000000001        1.6268872668272457E-003
  -33.000000000000000        1.6401495069354175E-003
  -32.899999999999999        1.6532574326386749E-003
  -32.799999999999997        1.6659223877200865E-003
  -32.700000000000003        1.6793895232185866E-003
  -32.600000000000001        1.6922694578946687E-003
  -32.500000000000000        1.7049907787532747E-003
  -32.399999999999999        1.7177047499646768E-003
  -32.299999999999997        1.7310551146944555E-003
  -32.200000000000003        1.7435034837703538E-003
  -32.100000000000001        1.7559642025946642E-003
  -32.000000000000000        1.7687403993199313E-003
  -31.899999999999999        1.7818239325469961E-003
  -31.800000000000001        1.7939016690584604E-003
  -31.700000000000003        1.8062908952469680E-003
  -31.600000000000001        1.8190229831932289E-003
  -31.500000000000000        1.8316767017572048E-003
  -31.399999999999999        1.8435760223098605E-003
  -31.299999999999997        1.8560550731215820E-003
  -31.199999999999999        1.8685369953298206E-003
  -31.100000000000001        1.8806999395885409E-003
  -31.000000000000000        1.8926722675342799E-003
  -30.899999999999999        1.9052511394378573E-003
  -30.800000000000001        1.9173028331885508E-003
  -30.700000000000003        1.9291200061902394E-003
  -30.600000000000001        1.9413083306273372E-003
  -30.500000000000000        1.9537915569501599E-003
  -30.399999999999999        1.9654392739690473E-003
  -30.299999999999997        1.9772338040085391E-003
  -30.199999999999999        1.9895228101089869E-003
  -30.100000000000001        2.0016365787727218E-003
  -30.000000000000000        2.0131811379307720E-003
  -29.899999999999999        2.0252304966829364E-003
  -29.800000000000001        2.0373035868778127E-003
  -29.700000000000003        2.0489788058928944E-003
  -29.600000000000001        2.0607933554138871E-003
  -29.500000000000000        2.0730544833526695E-003
  -29.399999999999999        2.0847185484794317E-003
  -29.299999999999997        2.0962666346337174E-003
  -29.199999999999999        2.1084218148559068E-003
  -29.100000000000001        2.1205383033477982E-003
  -29.000000000000000        2.1320332189296957E-003
  -28.899999999999999        2.1439101206984497E-003
  -28.800000000000001        2.1560567108173663E-003
  -28.700000000000003        2.1677946700294774E-003
  -28.600000000000001        2.1796278190378731E-003
  -28.500000000000000        2.1919136027036120E-003
  -28.399999999999999        2.2037323127207745E-003
  -28.299999999999997        2.2154000670451678E-003
  -28.199999999999999        2.2277307666720802E-003
  -28.100000000000001        2.2400047816899171E-003
  -28.000000000000000        2.2517628821144007E-003
  -27.899999999999999        2.2639236841207788E-003
  -27.800000000000001        2.2763232862828098E-003
  -27.700000000000003        2.2883212253708169E-003
  -27.600000000000001        2.3006222895607439E-003
  -27.500000000000000        2.3132985359640415E-003
  -27.399999999999999        2.3254663907911598E-003
  -27.299999999999997        2.3376556724744521E-003
  -27.199999999999999        2.3505247461110381E-003
  -27.100000000000001        2.3631779973067096E-003
  -27.000000000000000        2.3756175926226289E-003
  -26.899999999999999        2.3885503833948984E-003
  -26.800000000000001        2.4014232657850651E-003
  -26.700000000000003        2.4140156081751988E-003
  -26.600000000000001        2.4272409301395862E-003
  -26.500000000000000        2.4406295257273884E-003
  -26.399999999999999        2.4535372979705939E-003
  -26.299999999999997        2.4668154779043856E-003
  -26.199999999999999        2.4805780581563363E-003
  -26.100000000000001        2.4938213284939757E-003
  -26.000000000000000        2.5074704480933458E-003
  -25.899999999999999        2.5216078931371154E-003
  -25.800000000000001        2.5349753158365063E-003
  -25.700000000000003        2.5490986610070400E-003
  -25.600000000000001        2.5639964618778344E-003
  -25.500000000000000        2.5779913095807707E-003
  -25.399999999999999        2.5930342206573931E-003
  -25.299999999999997        2.6073061324895590E-003
  -25.199999999999999        2.6206936100388028E-003
  -25.100000000000001        2.6363800366599592E-003
  -25.000000000000000        2.6511748209226715E-003
  -24.899999999999999        2.6674629605336923E-003
  -24.800000000000001        2.6852860151515682E-003
  -24.700000000000003        2.6989974150517654E-003
  -24.600000000000001        2.7145435878097434E-003
  -24.500000000000000        2.7299811199387653E-003
  -24.399999999999999        2.7444143517824332E-003
  -24.299999999999997        2.7635085258969076E-003
  -24.199999999999999        2.7812071269061218E-003
  -24.100000000000001        2.7975010633486002E-003
  -24.000000000000000        2.8140682298308183E-003
  -23.899999999999999        2.8311797246810375E-003
  -23.800000000000001        2.8499076536247117E-003
  -23.700000000000003        2.8679404763091573E-003
  -23.600000000000001        2.8868846189561165E-003
  -23.500000000000000        2.9040444621424421E-003
  -23.399999999999999        2.9214841212664537E-003
  -23.299999999999997        2.9417554053811101E-003
  -23.199999999999999        2.9626841111645972E-003
  -23.100000000000001        2.9811140609309521E-003
  -23.000000000000000        2.9986125204802452E-003
  -22.899999999999999        3.0213483181572983E-003
  -22.800000000000001        3.0435063655778528E-003
  -22.700000000000003        3.0622373277714257E-003
  -22.600000000000001        3.0825752601467793E-003
  -22.500000000000000        3.1058726576301842E-003
  -22.399999999999999        3.1279299471257170E-003
  -22.299999999999997        3.1497731064725832E-003
  -22.199999999999999        3.1724353270295340E-003
  -22.100000000000001        3.1954784452853419E-003
  -22.000000000000000        3.2197311352928936E-003
  -21.899999999999999        3.2428467232025510E-003
  -21.800000000000001        3.2680187061300066E-003
  -21.700000000000003        3.2925271121065098E-003
  -21.600000000000001        3.3175928482265678E-003
  -21.500000000000000        3.3430047446708550E-003
  -21.399999999999999        3.3683233220150365E-003
  -21.299999999999997        3.3949675180026881E-003
  -21.199999999999999        3.4210373789645520E-003
  -21.100000000000001        3.4492874708952318E-003
  -21.000000000000000        3.4771528482506215E-003
  -20.899999999999999        3.5059334976589706E-003
  -20.800000000000001        3.5361656162293080E-003
  -20.700000000000003        3.5647727726353341E-003
  -20.600000000000001        3.5956297439450197E-003
  -20.500000000000000        3.6257459154970034E-003
  -20.399999999999999        3.6555249859181599E-003
  -20.299999999999997        3.6885754592375212E-003
  -20.199999999999999        3.7194557705838151E-003
  -20.100000000000001        3.7535264778977666E-003
  -20.000000000000000        3.7879399050007516E-003
  -19.899999999999999        3.8211960417992978E-003
  -19.800000000000001        3.8565771976567516E-003
  -19.700000000000003        3.8916185277204605E-003
  -19.600000000000001        3.9264252541995302E-003
  -19.500000000000000        3.9653560315187821E-003
  -19.399999999999999        4.0026610455733943E-003
  -19.299999999999997        4.0428114378070756E-003
  -19.199999999999999        4.0837809941110742E-003
  -19.100000000000001        4.1239189344316101E-003
  -19.000000000000000        4.1660144846359798E-003
  -18.899999999999999        4.2087418343935302E-003
  -18.800000000000001        4.2510678932683671E-003
  -18.700000000000003        4.2977838950177252E-003
  -18.600000000000001        4.3426014669814602E-003
  -18.500000000000000        4.3913580400814110E-003
  -18.399999999999999        4.4403506238537040E-003
  -18.299999999999997        4.4894841682275657E-003
  -18.199999999999999        4.5416178774879291E-003
  -18.100000000000001        4.5923338026544330E-003
  -18.000000000000000        4.6458124880189560E-003
  -17.899999999999999        4.7001965936146889E-003
  -17.800000000000001        4.7549741801818082E-003
  -17.700000000000003        4.8134410720195881E-003
  -17.600000000000001        4.8708331185759422E-003
  -17.500000000000000        4.9323669018843976E-003
  -17.399999999999999        4.9937252122895688E-003
  -17.299999999999997        5.0572053554448996E-003
  -17.199999999999999        5.1229731064115075E-003
  -17.100000000000001        5.1882846115874348E-003
  -17.000000000000000        5.2581572507603164E-003
  -16.899999999999999        5.3259016093817448E-003
  -16.800000000000001        5.3993726358856041E-003
  -16.700000000000003        5.4704322949851768E-003
  -16.600000000000001        5.5472904428211347E-003
  -16.500000000000000        5.6222173599284869E-003
  -16.399999999999999        5.7027142507371110E-003
  -16.299999999999997        5.7816497383390295E-003
  -16.199999999999999        5.8657854282885835E-003
  -16.100000000000001        5.9489720276707687E-003
  -16.000000000000000        6.0365115556726108E-003
  -15.900000000000000        6.1245437492628459E-003
  -15.800000000000001        6.2156020498204210E-003
  -15.699999999999999        6.3086792213439954E-003
  -15.600000000000000        6.4036572375979596E-003
  -15.500000000000000        6.5017236360965158E-003
  -15.400000000000000        6.6011819285497209E-003
  -15.300000000000001        6.7040228515122665E-003
  -15.199999999999999        6.8083846649136222E-003
  -15.100000000000000        6.9159925567174709E-003
  -15.000000000000000        7.0256802859708740E-003
  -14.900000000000000        7.1381179541134578E-003
  -14.800000000000001        7.2533933922509395E-003
  -14.699999999999999        7.3709164240494509E-003
  -14.600000000000000        7.4919906896603232E-003
  -14.500000000000000        7.6149438524602776E-003
  -14.400000000000000        7.7418661986008771E-003
  -14.300000000000001        7.8706850353674473E-003
  -14.199999999999999        8.0034507799024365E-003
  -14.100000000000000        8.1385702845501260E-003
  -14.000000000000000        8.2771806743485200E-003
  -13.900000000000000        8.4188967023332700E-003
  -13.800000000000001        8.5634478211251818E-003
  -13.699999999999999        8.7119108584653108E-003
  -13.600000000000000        8.8627034494719505E-003
  -13.500000000000000        9.0178527661453241E-003
  -13.400000000000000        9.1753083163064707E-003
  -13.300000000000001        9.3370577652926393E-003
  -13.199999999999999        9.5016709763585620E-003
  -13.100000000000000        9.6700075434073621E-003
  -13.000000000000000        9.8421230222756513E-003
  -12.900000000000000        1.0017265379735862E-002
  -12.800000000000001        1.0196983824377909E-002
  -12.699999999999999        1.0379371694725964E-002
  -12.600000000000000        1.0566552742067557E-002
  -12.500000000000000        1.0756661244496325E-002
  -12.400000000000000        1.0951062911642164E-002
  -12.300000000000001        1.1149203239709969E-002
  -12.199999999999999        1.1350752451930133E-002
  -12.100000000000000        1.1556871725445393E-002
  -12.000000000000000        1.1765773837084326E-002
  -11.900000000000000        1.1979541823525645E-002
  -11.800000000000001        1.2196225322165317E-002
  -11.699999999999999        1.2417294970315814E-002
  -11.600000000000000        1.2642127137370224E-002
  -11.500000000000000        1.2870416014178446E-002
  -11.400000000000000        1.3103384386958952E-002
  -11.300000000000001        1.3339171734853373E-002
  -11.199999999999999        1.3579839522615260E-002
  -11.100000000000000        1.3823484109578746E-002
  -11.000000000000000        1.4071238022567779E-002
  -10.900000000000000        1.4322769133402488E-002
  -10.800000000000001        1.4577228463937351E-002
  -10.699999999999999        1.4836136108586551E-002
  -10.600000000000000        1.5097352531842457E-002
  -10.500000000000000        1.5362795100267418E-002
  -10.400000000000000        1.5630979608392766E-002
  -10.300000000000001        1.5902304537273950E-002
  -10.199999999999999        1.6177308864824255E-002
  -10.100000000000000        1.6454357708291841E-002
  -10.000000000000000        1.6735382011261474E-002
  -9.9000000000000004        1.7018223977943218E-002
  -9.8000000000000007        1.7304082522642730E-002
  -9.6999999999999993        1.7592389374866943E-002
  -9.5999999999999996        1.7882143348897647E-002
  -9.5000000000000000        1.8174823108611515E-002
  -9.4000000000000004        1.8468100269849509E-002
  -9.3000000000000007        1.8763653744065280E-002
  -9.1999999999999993        1.9060225443174081E-002
  -9.0999999999999996        1.9357507408150287E-002
  -9.0000000000000000        1.9656523374589230E-002
  -8.9000000000000004        1.9955013948937509E-002
  -8.8000000000000007        2.0254767112114686E-002
  -8.6999999999999993        2.0553938659924317E-002
  -8.5999999999999996        2.0852516372566292E-002
  -8.5000000000000000        2.1150980995827240E-002
  -8.4000000000000004        2.1447083052677691E-002
  -8.3000000000000007        2.1742598906205064E-002
  -8.1999999999999993        2.2035452326127237E-002
  -8.0999999999999996        2.2325886833019348E-002
  -8.0000000000000000        2.2614236408887354E-002
  -7.9000000000000004        2.2898273127696180E-002
  -7.7999999999999998        2.3179718376190577E-002
  -7.6999999999999993        2.3456255902816806E-002
  -7.5999999999999996        2.3727915655239129E-002
  -7.5000000000000000        2.3994847767794952E-002
  -7.4000000000000004        2.4254547224669378E-002
  -7.3000000000000007        2.4508653774895649E-002
  -7.2000000000000002        2.4754921462696890E-002
  -7.0999999999999996        2.4993175632150099E-002
  -7.0000000000000000        2.5223892610294365E-002
  -6.9000000000000004        2.5444320733000000E-002
  -6.7999999999999998        2.5655952735458312E-002
  -6.6999999999999993        2.5856608281028752E-002
  -6.5999999999999996        2.6045323861205644E-002
  -6.5000000000000000        2.6222806181484173E-002
  -6.4000000000000004        2.6385902475022295E-002
  -6.3000000000000007        2.6535848638878666E-002
  -6.2000000000000002        2.6671148534969474E-002
  -6.0999999999999996        2.6790138197727100E-002
  -6.0000000000000000        2.6894142642075847E-002
  -5.9000000000000004        2.6979895921888371E-002
  -5.7999999999999998        2.7047802054432055E-002
  -5.6999999999999993        2.7097124520703023E-002
  -5.5999999999999996        2.7124993586387848E-002
  -5.5000000000000000        2.7133001003951742E-002
  -5.4000000000000004        2.7118476294982055E-002
  -5.3000000000000007        2.7080850391772687E-002
  -5.2000000000000002        2.7020982340637302E-002
  -5.0999999999999996        2.6935497273198761E-002
  -5.0000000000000000        2.6825613842190680E-002
  -4.9000000000000004        2.6689990381692428E-002
  -4.7999999999999998        2.6526234430440040E-002
  -4.6999999999999993        2.6336351096780067E-002
  -4.5999999999999996        2.6117590097202530E-002
  -4.5000000000000000        2.5870169049915175E-002
  -4.4000000000000004        2.5595532179553758E-002
  -4.3000000000000007        2.5290706727562569E-002
  -4.2000000000000002        2.4957713004785224E-002
  -4.0999999999999996        2.4596242998378256E-002
  -4.0000000000000000        2.4204257488616709E-002
  -3.8999999999999999        2.3785209289945434E-002
  -3.7999999999999998        2.3337855782461042E-002
  -3.7000000000000002        2.2862798088972392E-002
  -3.6000000000000001        2.2363905382653166E-002
  -3.5000000000000000        2.1839288559287753E-002
  -3.3999999999999999        2.1291278560141066E-002
  -3.2999999999999998        2.0722922993084397E-002
  -3.2000000000000002        2.0132473704965223E-002
  -3.1000000000000001        1.9524671881871059E-002
  -3.0000000000000000        1.8902432185322334E-002
  -2.8999999999999999        1.8265008993711813E-002
  -2.7999999999999998        1.7618167509097650E-002
  -2.7000000000000002        1.6963182519115116E-002
  -2.6000000000000001        1.6299255646482290E-002
  -2.5000000000000000        1.5632912586341644E-002
  -2.3999999999999999        1.4965494237758234E-002
  -2.2999999999999998        1.4297100374543377E-002
  -2.2000000000000002        1.3634806480671474E-002
  -2.1000000000000001        1.2978280012704782E-002
  -2.0000000000000000        1.2325863391749530E-002
  -1.8999999999999999        1.1684516632461835E-002
  -1.8000000000000000        1.1055061190934712E-002
  -1.7000000000000002        1.0435385172046905E-002
  -1.6000000000000001        9.8325585968961696E-003
  -1.5000000000000000        9.2468671111741608E-003
  -1.3999999999999999        8.6720234763097079E-003
  -1.2999999999999998        8.1141728204454089E-003
  -1.2000000000000000        7.5796064675370360E-003
  -1.1000000000000001        7.0605921692605640E-003
  -1.0000000000000000        6.5557187491946303E-003
 -0.90000000000000002        6.0742389194851478E-003
 -0.80000000000000004        5.6136830480610989E-003
 -0.69999999999999996        5.1639824814579847E-003
 -0.59999999999999998        4.7300631546899332E-003
 -0.50000000000000000        4.3236227490874649E-003
 -0.40000000000000002        3.9398520419837877E-003
 -0.30000000000000004        3.5570781771692111E-003
 -0.20000000000000001        3.1603057685509104E-003
 -0.10000000000000001        2.7448894221854567E-003
   0.0000000000000000        2.4866859957932406E-003
  0.10000000000000001        5.0377833753150192E-003
  0.20000000000000001        1.0075566750629594E-002
  0.30000000000000004        1.5113350125944613E-002
  0.40000000000000002        2.0151133501259411E-002
  0.50000000000000000        2.5188916876574208E-002
  0.59999999999999998        3.0226700251889227E-002
  0.69999999999999996        3.5264483627204024E-002
  0.80000000000000004        4.0302267002518821E-002
  0.90000000000000002        4.5340050377833618E-002
   1.0000000000000000        5.0377833753148638E-002
   1.1000000000000001        5.5415617128463435E-002
   1.2000000000000000        6.0453400503778232E-002
   1.2999999999999998        6.5491183879093251E-002
   1.3999999999999999        7.0528967254408048E-002
   1.5000000000000000        7.5566750629722845E-002
   1.6000000000000001        8.0604534005037864E-002
   1.7000000000000002        8.5642317380352662E-002
   1.8000000000000000        9.0680100755667459E-002
   1.8999999999999999        9.5717884130982256E-002
   2.0000000000000000       0.10075566750629728     
   2.1000000000000001       0.10579345088161207     
   2.2000000000000002       0.11083123425692687     
   2.2999999999999998       0.11586901763224189     
   2.3999999999999999       0.12090680100755646     
   2.5000000000000000       0.12594458438287148     
   2.6000000000000001       0.13098236775818650     
   2.7000000000000002       0.13602015113350108     
   2.7999999999999998       0.14105793450881610     
   2.8999999999999999       0.14609571788413089     
   3.0000000000000000       0.15113350125944591     
   3.1000000000000001       0.15617128463476071     
   3.2000000000000002       0.16120906801007551     
   3.2999999999999998       0.16624685138539053     
   3.3999999999999999       0.17128463476070510     
   3.5000000000000000       0.17632241813602012     
   3.6000000000000001       0.18136020151133514     
   3.7000000000000002       0.18639798488664971     
   3.7999999999999998       0.19143576826196473     
   3.8999999999999999       0.19647355163727953     
   4.0000000000000000       0.20151133501259433     
   4.0999999999999996       0.20654911838790935     
   4.2000000000000002       0.21158690176322414     
   4.3000000000000007       0.21662468513853894     
   4.4000000000000004       0.22166246851385374     
   4.5000000000000000       0.22670025188916876     
   4.5999999999999996       0.23173803526448356     
   4.6999999999999993       0.23677581863979835     
   4.7999999999999998       0.24181360201511337     
   4.9000000000000004       0.24685138539042817     
   5.0000000000000000       0.25188916876574297     
   5.0999999999999996       0.25692695214105798     
   5.2000000000000002       0.26196473551637278     
   5.3000000000000007       0.26700251889168758     
   5.4000000000000004       0.27204030226700238     
   5.5000000000000000       0.27707808564231740     
   5.5999999999999996       0.28211586901763219     
   5.6999999999999993       0.28715365239294699     
   5.7999999999999998       0.29219143576826201     
   5.9000000000000004       0.29722921914357681     
   6.0000000000000000       0.30226700251889160     
   6.0999999999999996       0.30730478589420662     
   6.2000000000000002       0.31234256926952142     
   6.3000000000000007       0.31738035264483622     
   6.4000000000000004       0.32241813602015101     
   6.5000000000000000       0.32745591939546603     
   6.5999999999999996       0.33249370277078083     
   6.6999999999999993       0.33753148614609563     
   6.7999999999999998       0.34256926952141065     
   6.9000000000000004       0.34760705289672522     
   7.0000000000000000       0.35264483627204024     
   7.0999999999999996       0.35768261964735526     
   7.2000000000000002       0.36272040302266984     
   7.3000000000000007       0.36775818639798485     
   7.4000000000000004       0.37279596977329965     
   7.5000000000000000       0.37783375314861445     
   7.5999999999999996       0.38287153652392947     
   7.6999999999999993       0.38790931989924426     
   7.7999999999999998       0.39294710327455906     
   7.9000000000000004       0.39798488664987386     
   8.0000000000000000       0.40302267002518888     
   8.0999999999999996       0.40806045340050390     
   8.1999999999999993       0.41309823677581847     
   8.3000000000000007       0.41813602015113349     
   8.4000000000000004       0.42317380352644829     
   8.5000000000000000       0.42821158690176309     
   8.5999999999999996       0.43324937027707811     
   8.6999999999999993       0.43828715365239290     
   8.8000000000000007       0.44332493702770770     
   8.9000000000000004       0.44836272040302250     
   9.0000000000000000       0.45340050377833752     
   9.0999999999999996       0.45843828715365231     
   9.1999999999999993       0.46347607052896711     
   9.3000000000000007       0.46851385390428213     
   9.4000000000000004       0.47355163727959693     
   9.5000000000000000       0.47858942065491172     
   9.5999999999999996       0.48362720403022674     
   9.6999999999999993       0.48866498740554154     
   9.8000000000000007       0.49370277078085634     
   9.9000000000000004       0.49874055415617113     
   10.000000000000000       0.50377833753148615     
   10.100000000000000       0.50881612090680095     
   10.199999999999999       0.51385390428211575     
   10.300000000000001       0.51889168765743077     
   10.400000000000000       0.52392947103274534     
   10.500000000000000       0.52896725440806036     
   10.600000000000000       0.53400503778337538     
   10.699999999999999       0.53904282115868996     
   10.800000000000001       0.54408060453400497     
   10.900000000000000       0.54911838790931977     
   11.000000000000000       0.55415617128463479     
   11.100000000000000       0.55919395465994959     
   11.199999999999999       0.56423173803526439     
   11.300000000000001       0.56926952141057940     
   11.400000000000000       0.57430730478589398     
   11.500000000000000       0.57934508816120900     
   11.600000000000000       0.58438287153652402     
   11.699999999999999       0.58942065491183859     
   11.800000000000001       0.59445843828715361     
   11.900000000000000       0.59949622166246841     
   12.000000000000000       0.60453400503778321     
   12.100000000000000       0.60957178841309823     
   12.199999999999999       0.61460957178841280     
   12.300000000000001       0.61964735516372804     
   12.400000000000000       0.62468513853904262     
   12.500000000000000       0.62972292191435764     
   12.600000000000000       0.63476070528967243     
   12.699999999999999       0.63979848866498701     
   12.800000000000001       0.64483627204030247     
   12.900000000000000       0.64987405541561705     
   13.000000000000000       0.65491183879093184     
   13.100000000000000       0.65994962216624686     
   13.199999999999999       0.66498740554156144     
   13.300000000000001       0.67002518891687668     
   13.400000000000000       0.67506297229219125     
   13.500000000000000       0.68010075566750627     
   13.600000000000000       0.68513853904282107     
   13.699999999999999       0.69017632241813565     
   13.800000000000001       0.69521410579345111     
   13.900000000000000       0.70025188916876568     
   14.000000000000000       0.70528967254408048     
   14.100000000000000       0.71032745591939550     
   14.199999999999999       0.71536523929471008     
   14.300000000000001       0.72040302267002532     
   14.400000000000000       0.72544080604533989     
   14.500000000000000       0.73047858942065491     
   14.600000000000000       0.73551637279596971     
   14.699999999999999       0.74055415617128428     
   14.800000000000001       0.74559193954659952     
   14.900000000000000       0.75062972292191410     
   15.000000000000000       0.75566750629722912     
   15.100000000000000       0.76070528967254414     
   15.199999999999999       0.76574307304785871     
   15.300000000000001       0.77078085642317395     
   15.400000000000000       0.77581863979848853     
   15.500000000000000       0.78085642317380333     
   15.600000000000000       0.78589420654911835     
   15.699999999999999       0.79093198992443292     
   15.800000000000001       0.79596977329974816     
   15.900000000000000       0.80100755667506274     
   16.000000000000000       0.80604534005037776     
   16.100000000000001       0.81108312342569278     
   16.199999999999999       0.81612090680100713     
   16.299999999999997       0.82115869017632215     
   16.399999999999999       0.82619647355163717     
   16.500000000000000       0.83123425692695196     
   16.600000000000001       0.83627204030226698     
   16.700000000000003       0.84130982367758200     
   16.800000000000001       0.84634760705289680     
   16.899999999999999       0.85138539042821137     
   17.000000000000000       0.85642317380352639     
   17.100000000000001       0.86146095717884119     
   17.199999999999999       0.86649874055415577     
   17.299999999999997       0.87153652392947079     
   17.399999999999999       0.87657430730478580     
   17.500000000000000       0.88161209068010060     
   17.600000000000001       0.88664987405541562     
   17.700000000000003       0.89168765743073042     
   17.800000000000001       0.89672544080604544     
   17.899999999999999       0.90176322418136001     
   18.000000000000000       0.90680100755667503     
   18.100000000000001       0.91183879093198983     
   18.199999999999999       0.91687657430730440     
   18.299999999999997       0.92191435768261942     
   18.399999999999999       0.92695214105793422     
   18.500000000000000       0.93198992443324924     
   18.600000000000001       0.93702770780856426     
   18.700000000000003       0.94206549118387906     
   18.800000000000001       0.94710327455919407     
   18.899999999999999       0.95214105793450865     
   19.000000000000000       0.95717884130982367     
   19.100000000000001       0.96221662468513847     
   19.199999999999999       0.96725440806045304     
   19.299999999999997       0.97229219143576806     
   19.399999999999999       0.97732997481108286     
   19.500000000000000       0.98236775818639788     
   19.600000000000001       0.98740554156171290     
   19.700000000000003       0.99244332493702769     
   19.800000000000001       0.99748110831234271     
   19.899999999999999        1.0025188916876573     
   20.000000000000000        1.0075566750629723     
   20.100000000000001        1.0125944584382873     
   20.199999999999999        1.0176322418136015     
   20.299999999999997        1.0226700251889165     
   20.399999999999999        1.0277078085642315     
   20.500000000000000        1.0327455919395465     
   20.600000000000001        1.0377833753148615     
   20.700000000000003        1.0428211586901766     
   20.800000000000001        1.0478589420654911     
   20.899999999999999        1.0528967254408057     
   21.000000000000000        1.0579345088161207     
   21.100000000000001        1.0629722921914357     
   21.199999999999999        1.0680100755667503     
   21.299999999999997        1.0730478589420653     
   21.399999999999999        1.0780856423173804     
   21.500000000000000        1.0831234256926949     
   21.600000000000001        1.0881612090680099     
   21.700000000000003        1.0931989924433250     
   21.800000000000001        1.0982367758186400     
   21.899999999999999        1.1032745591939546     
   22.000000000000000        1.1083123425692696     
   22.100000000000001        1.1133501259445842     
   22.199999999999999        1.1183879093198987     
   22.299999999999997        1.1234256926952138     
   22.399999999999999        1.1284634760705288     
   22.500000000000000        1.1335012594458438     
   22.600000000000001        1.1385390428211588     
   22.700000000000003        1.1435768261964734     
   22.800000000000001        1.1486146095717884     
   22.899999999999999        1.1536523929471030     
   23.000000000000000        1.1586901763224180     
   23.100000000000001        1.1637279596977330     
   23.199999999999999        1.1687657430730476     
   23.299999999999997        1.1738035264483626     
   23.399999999999999        1.1788413098236772     
   23.500000000000000        1.1838790931989922     
   23.600000000000001        1.1889168765743072     
   23.700000000000003        1.1939546599496222     
   23.800000000000001        1.1989924433249373     
   23.899999999999999        1.2040302267002518     
   24.000000000000000        1.2090680100755664     
   24.100000000000001        1.2141057934508814     
   24.199999999999999        1.2191435768261960     
   24.299999999999997        1.2241813602015110     
   24.399999999999999        1.2292191435768260     
   24.500000000000000        1.2342569269521411     
   24.600000000000001        1.2392947103274556     
   24.700000000000003        1.2443324937027707     
   24.800000000000001        1.2493702770780857     
   24.899999999999999        1.2544080604534003     
   25.000000000000000        1.2594458438287153     
   25.100000000000001        1.2644836272040303     
   25.199999999999999        1.2695214105793449     
   25.299999999999997        1.2745591939546594     
   25.399999999999999        1.2795969773299745     
   25.500000000000000        1.2846347607052895     
   25.600000000000001        1.2896725440806045     
   25.700000000000003        1.2947103274559195     
   25.800000000000001        1.2997481108312345     
   25.899999999999999        1.3047858942065491     
   26.000000000000000        1.3098236775818637     
   26.100000000000001        1.3148614609571787     
   26.199999999999999        1.3198992443324933     
   26.299999999999997        1.3249370277078083     
   26.399999999999999        1.3299748110831233     
   26.500000000000000        1.3350125944584383     
   26.600000000000001        1.3400503778337529     
   26.700000000000003        1.3450881612090679     
   26.800000000000001        1.3501259445843830     
   26.899999999999999        1.3551637279596975     
   27.000000000000000        1.3602015113350125     
   27.100000000000001        1.3652392947103276     
   27.199999999999999        1.3702770780856421     
   27.299999999999997        1.3753148614609567     
   27.399999999999999        1.3803526448362717     
   27.500000000000000        1.3853904282115868     
   27.600000000000001        1.3904282115869018     
   27.700000000000003        1.3954659949622168     
   27.800000000000001        1.4005037783375314     
   27.899999999999999        1.4055415617128459     
   28.000000000000000        1.4105793450881610     
   28.100000000000001        1.4156171284634760     
   28.199999999999999        1.4206549118387906     
   28.299999999999997        1.4256926952141056     
   28.399999999999999        1.4307304785894206     
   28.500000000000000        1.4357682619647352     
   28.600000000000001        1.4408060453400502     
   28.700000000000003        1.4458438287153652     
   28.800000000000001        1.4508816120906802     
   28.899999999999999        1.4559193954659948     
   29.000000000000000        1.4609571788413098     
   29.100000000000001        1.4659949622166244     
   29.199999999999999        1.4710327455919390     
   29.299999999999997        1.4760705289672540     
   29.399999999999999        1.4811083123425690     
   29.500000000000000        1.4861460957178840     
   29.600000000000001        1.4911838790931990     
   29.700000000000003        1.4962216624685136     
   29.800000000000001        1.5012594458438286     
   29.899999999999999        1.5062972292191432     
   30.000000000000000        1.5113350125944582     
