test case solitary wave on a simple beach

results of non-hydrostatic model (using finite element model): non-linear shallow water model

results at non-dim. t = 45

1st column: location in meters
2nd column: ssh values in meters

  -109.90000000000001        5.1573069481780628E-008
  -110.00000000000000       -7.6297106127911741E-008
  -109.80000000000000        1.5467589628623829E-008
  -109.69999999999999        4.3919527877467688E-009
  -109.59999999999999        1.5729853151182926E-008
  -109.50000000000000        4.9984690759807290E-009
  -109.40000000000001        1.5041407520028476E-008
  -109.30000000000001        7.8501516057854132E-009
  -109.20000000000000        1.5316681265446588E-008
  -109.09999999999999        6.9861540353737990E-009
  -109.00000000000000        1.2225027653320454E-008
  -108.90000000000001        6.6833009386292545E-009
  -108.80000000000000        7.0551449029409646E-009
  -108.69999999999999        6.1047452992600603E-009
  -108.59999999999999       -1.1406489266900250E-009
  -108.50000000000000        5.7355720006708700E-009
  -108.40000000000001       -1.1599844782056462E-008
  -108.30000000000001        5.9643436989407837E-009
  -108.20000000000000       -2.3492828243360764E-008
  -108.09999999999999        6.3861451721829393E-009
  -108.00000000000000       -3.3985300262134429E-008
  -107.90000000000001        8.7764633378803448E-009
  -107.80000000000000       -3.9867668756361627E-008
  -107.69999999999999        1.0386800898341008E-008
  -107.59999999999999       -3.5360562632015103E-008
  -107.50000000000000        8.9989262235564144E-009
  -107.40000000000001       -1.7275896547691836E-008
  -107.30000000000001        5.9584688446221597E-009
  -107.20000000000000        1.3143156969320193E-008
  -107.09999999999999        2.6953894025504443E-009
  -107.00000000000000        4.5913997505239131E-008
  -106.90000000000001        4.2153850019709012E-009
  -106.80000000000000        6.1531359063190248E-008
  -106.69999999999999        1.7983332923645997E-009
  -106.59999999999999        6.3225407388375571E-008
  -106.50000000000000        1.9113489685456854E-008
  -106.40000000000001        3.8665478048523091E-009
  -106.30000000000001        2.7592316667378180E-009
  -106.20000000000000        4.9095476874742032E-008
  -106.09999999999999       -7.6489419931611876E-009
  -106.00000000000000       -7.7743230099660517E-008
  -105.90000000000001        1.4953606041080260E-008
  -105.80000000000000       -3.9638242790387161E-008
  -105.69999999999999       -4.3434841530917026E-009
  -105.59999999999999       -6.4833287670250174E-008
  -105.50000000000000        3.1212670973918476E-009
  -105.40000000000001        4.7057333256490774E-008
  -105.30000000000001        3.1784594279661187E-009
  -105.20000000000000        3.1868095619782569E-008
  -105.09999999999999       -7.0885565503612448E-010
  -105.00000000000000        8.8735571636209716E-008
  -104.90000000000001        7.7840492779029813E-009
  -104.80000000000000       -1.1654727117649857E-008
  -104.69999999999999       -1.2601586612341660E-008
  -104.59999999999999       -7.5835383067115996E-008
  -104.50000000000000        2.2683941322691010E-009
  -104.40000000000001       -3.7458047789214414E-008
  -104.30000000000001       -1.0315123465167925E-008
  -104.20000000000000       -3.2366572714011893E-008
  -104.09999999999999       -8.6452427993227743E-009
  -104.00000000000000        1.0351343819401844E-007
  -103.90000000000001        6.4258932929776004E-009
  -103.80000000000000        2.9888217565436204E-008
  -103.69999999999999       -2.0925659539940046E-008
  -103.59999999999999       -1.3605329363960687E-007
  -103.50000000000000       -2.1526542246578965E-008
  -103.40000000000001       -1.9975699745899625E-008
  -103.30000000000001       -5.9481218770493872E-009
  -103.20000000000000        6.1023221644387049E-008
  -103.09999999999999       -1.9464749646134641E-008
  -103.00000000000000       -3.5112606858760249E-008
  -102.90000000000001       -2.8075629449142225E-008
  -102.80000000000000       -5.8902836399871981E-008
  -102.69999999999999       -2.5668778287668296E-008
  -102.59999999999999       -1.6876359001330514E-008
  -102.50000000000000       -3.1078506544111510E-008
  -102.40000000000001       -2.4332356355994759E-008
  -102.30000000000001       -3.6041888843849146E-008
  -102.20000000000000       -4.5194603864382569E-008
  -102.09999999999999       -4.2992192731510068E-008
  -102.00000000000000       -4.6551272205913794E-008
  -101.90000000000001       -4.8372555371932603E-008
  -101.80000000000000       -4.9706199468849435E-008
  -101.69999999999999       -5.3560240127920505E-008
  -101.59999999999999       -5.8640505403871960E-008
  -101.50000000000000       -6.3724849008003288E-008
  -101.40000000000001       -6.6310969486757327E-008
  -101.30000000000001       -7.0320641241473694E-008
  -101.20000000000000       -7.5934408475100722E-008
  -101.09999999999999       -7.9374383580479546E-008
  -101.00000000000000       -8.4374938211320201E-008
  -100.90000000000001       -9.1317782390009876E-008
  -100.80000000000000       -9.5682293362526581E-008
  -100.69999999999999       -1.0049174385089411E-007
  -100.59999999999999       -1.0803148127684796E-007
  -100.50000000000000       -1.1413553214512286E-007
  -100.40000000000001       -1.2000019967735485E-007
  -100.30000000000001       -1.2852931622033427E-007
  -100.20000000000000       -1.3569021536172873E-007
  -100.09999999999999       -1.4148468171300489E-007
  -100.00000000000000       -1.5097285749853153E-007
  -99.900000000000006       -1.6126190205748669E-007
  -99.799999999999997       -1.6854860870725453E-007
  -99.699999999999989       -1.7733004653974601E-007
  -99.599999999999994       -1.8866373510872652E-007
  -99.500000000000000       -1.9861950938587682E-007
  -99.400000000000006       -2.0918758929163310E-007
  -99.300000000000011       -2.2203981479069679E-007
  -99.200000000000003       -2.3328616035582484E-007
  -99.099999999999994       -2.4437030068900920E-007
  -99.000000000000000       -2.5937565642461810E-007
  -98.900000000000006       -2.7437944485838377E-007
  -98.799999999999997       -2.8690234312017570E-007
  -98.699999999999989       -3.0200555893781637E-007
  -98.599999999999994       -3.1971221877531445E-007
  -98.500000000000000       -3.3572867189949631E-007
  -98.400000000000006       -3.5250823199270579E-007
  -98.300000000000011       -3.7233181219574784E-007
  -98.200000000000003       -3.9138447938512899E-007
  -98.099999999999994       -4.1012693999503861E-007
  -98.000000000000000       -4.3240622019080597E-007
  -97.900000000000006       -4.5554816598021251E-007
  -97.799999999999997       -4.7719439847386969E-007
  -97.699999999999989       -5.0136188014054709E-007
  -97.599999999999994       -5.2821530825415173E-007
  -97.500000000000000       -5.5393502011304765E-007
  -97.400000000000006       -5.8083361033933375E-007
  -97.300000000000011       -6.1156736800224400E-007
  -97.200000000000003       -6.4210867962043670E-007
  -97.099999999999994       -6.7189018331332060E-007
  -97.000000000000000       -7.0579664666673287E-007
  -96.900000000000006       -7.4248337450639941E-007
  -96.799999999999997       -7.7760520321630617E-007
  -96.699999999999989       -8.1418929271455613E-007
  -96.599999999999994       -8.5525385361513299E-007
  -96.500000000000000       -8.9723729242830647E-007
  -96.400000000000006       -9.3930117537517247E-007
  -96.300000000000011       -9.8487447363685583E-007
  -96.200000000000003       -1.0327512768492511E-006
  -96.099999999999994       -1.0807951344971374E-006
  -96.000000000000000       -1.1322027976125393E-006
  -95.900000000000006       -1.1876387709659012E-006
  -95.799999999999997       -1.2428657396233073E-006
  -95.699999999999989       -1.2992016313299751E-006
  -95.599999999999994       -1.3614338126851370E-006
  -95.500000000000000       -1.4268786062140202E-006
  -95.400000000000006       -1.4913218265477451E-006
  -95.300000000000011       -1.5587272037600978E-006
  -95.200000000000003       -1.6324592776537489E-006
  -95.099999999999994       -1.7083682510747229E-006
  -95.000000000000000       -1.7847180906264503E-006
  -94.900000000000006       -1.8656369004999080E-006
  -94.799999999999997       -1.9514897396425524E-006
  -94.699999999999989       -2.0392451557360309E-006
  -94.599999999999994       -2.1302412110931627E-006
  -94.500000000000000       -2.2265118010126434E-006
  -94.400000000000006       -2.3257289536450108E-006
  -94.300000000000011       -2.4276161577749097E-006
  -94.200000000000003       -2.5355800756621495E-006
  -94.099999999999994       -2.6486917234763907E-006
  -94.000000000000000       -2.7633703727658116E-006
  -93.900000000000006       -2.8821879377701620E-006
  -93.799999999999997       -3.0090079606707899E-006
  -93.699999999999989       -3.1405165590978279E-006
  -93.599999999999994       -3.2734342688130666E-006
  -93.500000000000000       -3.4120978799954453E-006
  -93.400000000000006       -3.5594899135456947E-006
  -93.300000000000011       -3.7112989252282891E-006
  -93.200000000000003       -3.8655686568084054E-006
  -93.099999999999994       -4.0268956259494342E-006
  -93.000000000000000       -4.1966981973314619E-006
  -92.900000000000006       -4.3711174340832607E-006
  -92.799999999999997       -4.5498733492686425E-006
  -92.699999999999989       -4.7365421557461962E-006
  -92.599999999999994       -4.9308928982112313E-006
  -92.500000000000000       -5.1305355366540166E-006
  -92.400000000000006       -5.3367356152664132E-006
  -92.300000000000011       -5.5513225958396117E-006
  -92.200000000000003       -5.7726785812478502E-006
  -92.099999999999994       -6.0002953891476633E-006
  -92.000000000000000       -6.2366313241919024E-006
  -91.900000000000006       -6.4816309128252111E-006
  -91.799999999999997       -6.7326637237367600E-006
  -91.699999999999989       -6.9909811683530619E-006
  -91.599999999999994       -7.2598457420835654E-006
  -91.500000000000000       -7.5376277738383995E-006
  -91.400000000000006       -7.8210415422342964E-006
  -91.300000000000011       -8.1126217384714737E-006
  -91.200000000000003       -8.4160850102202856E-006
  -91.099999999999994       -8.7287871191349261E-006
  -91.000000000000000       -9.0470975637406370E-006
  -90.900000000000006       -9.3742053635720632E-006
  -90.799999999999997       -9.7139680201663650E-006
  -90.699999999999989       -1.0063344339463457E-005
  -90.599999999999994       -1.0418641702830839E-005
  -90.500000000000000       -1.0783094970921108E-005
  -90.400000000000006       -1.1160403287005231E-005
  -90.300000000000011       -1.1547653783477274E-005
  -90.200000000000003       -1.1941363208052313E-005
  -90.099999999999994       -1.2344350012334102E-005
  -90.000000000000000       -1.2759867004080948E-005
  -89.900000000000006       -1.3185463927158315E-005
  -89.799999999999997       -1.3618114044243091E-005
  -89.699999999999989       -1.4059975533552775E-005
  -89.599999999999994       -1.4513608980937465E-005
  -89.500000000000000       -1.4977126828519381E-005
  -89.400000000000006       -1.5448137777721420E-005
  -89.300000000000011       -1.5928130527319914E-005
  -89.200000000000003       -1.6418824115672458E-005
  -89.099999999999994       -1.6918772677737544E-005
  -89.000000000000000       -1.7426275071772233E-005
  -88.900000000000006       -1.7942337536839488E-005
  -88.799999999999997       -1.8467838551962671E-005
  -88.699999999999989       -1.9001497222631283E-005
  -88.599999999999994       -1.9542192149416624E-005
  -88.500000000000000       -2.0090745001054672E-005
  -88.400000000000006       -2.0647370768133928E-005
  -88.300000000000011       -2.1210626384175450E-005
  -88.200000000000003       -2.1779693566868724E-005
  -88.099999999999994       -2.2355503078674332E-005
  -88.000000000000000       -2.2937937020364465E-005
  -87.900000000000006       -2.3525135566516826E-005
  -87.799999999999997       -2.4116193382365081E-005
  -87.699999999999989       -2.4712321521574776E-005
  -87.599999999999994       -2.5313476019887380E-005
  -87.500000000000000       -2.5917308474267488E-005
  -87.400000000000006       -2.6522426869033117E-005
  -87.300000000000011       -2.7130282523689620E-005
  -87.200000000000003       -2.7741267510473948E-005
  -87.099999999999994       -2.8352719511961773E-005
  -87.000000000000000       -2.8962485813006040E-005
  -86.900000000000006       -2.9571979914675176E-005
  -86.799999999999997       -3.0182211554930969E-005
  -86.699999999999989       -3.0790613233373832E-005
  -86.599999999999994       -3.1394252087078044E-005
  -86.500000000000000       -3.1994046590799577E-005
  -86.400000000000006       -3.2591518200961952E-005
  -86.300000000000011       -3.3184732331944360E-005
  -86.200000000000003       -3.3770285305933342E-005
  -86.099999999999994       -3.4348113987172684E-005
  -86.000000000000000       -3.4919830247340267E-005
  -85.900000000000006       -3.5484611301895972E-005
  -85.799999999999997       -3.6039190334908342E-005
  -85.699999999999989       -3.6582221805670459E-005
  -85.599999999999994       -3.7114766923770994E-005
  -85.500000000000000       -3.7637306483553081E-005
  -85.400000000000006       -3.8147448672597311E-005
  -85.300000000000011       -3.8642665231493237E-005
  -85.200000000000003       -3.9122838921079959E-005
  -85.099999999999994       -3.9589478685822802E-005
  -85.000000000000000       -4.0041643423339319E-005
  -84.900000000000006       -4.0476230810725354E-005
  -84.799999999999997       -4.0891654081251101E-005
  -84.699999999999989       -4.1289693082470976E-005
  -84.599999999999994       -4.1670941546843393E-005
  -84.500000000000000       -4.2032725703725310E-005
  -84.400000000000006       -4.2372315517574334E-005
  -84.300000000000011       -4.2690772943165384E-005
  -84.200000000000003       -4.2989628324286614E-005
  -84.099999999999994       -4.3267637307429416E-005
  -84.000000000000000       -4.3521905821018866E-005
  -83.900000000000006       -4.3752061714875517E-005
  -83.799999999999997       -4.3959444377625142E-005
  -83.699999999999989       -4.4144667582227335E-005
  -83.599999999999994       -4.4305926935953351E-005
  -83.500000000000000       -4.4441513503697141E-005
  -83.400000000000006       -4.4551500952927335E-005
  -83.300000000000011       -4.4637801586668054E-005
  -83.200000000000003       -4.4700487965098282E-005
  -83.099999999999994       -4.4737591274278320E-005
  -83.000000000000000       -4.4747678877583818E-005
  -82.900000000000006       -4.4732585640325275E-005
  -82.799999999999997       -4.4693903825223838E-005
  -82.699999999999989       -4.4630894070332700E-005
  -82.599999999999994       -4.4541601953538907E-005
  -82.500000000000000       -4.4426517341026122E-005
  -82.400000000000006       -4.4287301076331507E-005
  -82.300000000000011       -4.4125191088303352E-005
  -82.200000000000003       -4.3939331148267289E-005
  -82.099999999999994       -4.3728853115377318E-005
  -82.000000000000000       -4.3494042528607156E-005
  -81.900000000000006       -4.3237284364841481E-005
  -81.799999999999997       -4.2959643450727792E-005
  -81.699999999999989       -4.2660365020156206E-005
  -81.599999999999994       -4.2338358722148347E-005
  -81.500000000000000       -4.1995326392683795E-005
  -81.400000000000006       -4.1633267675836248E-005
  -81.300000000000011       -4.1253123308276871E-005
  -81.200000000000003       -4.0854064345092391E-005
  -81.099999999999994       -4.0436181025561746E-005
  -81.000000000000000       -4.0000468360688520E-005
  -80.900000000000006       -3.9549364645992163E-005
  -80.799999999999997       -3.9083771297226674E-005
  -80.699999999999989       -3.8603370521056229E-005
  -80.599999999999994       -3.8107559533004463E-005
  -80.500000000000000       -3.7598305573497293E-005
  -80.400000000000006       -3.7077528873602374E-005
  -80.300000000000011       -3.6546390841766597E-005
  -80.200000000000003       -3.6004348125659792E-005
  -80.099999999999994       -3.5451718673906867E-005
  -80.000000000000000       -3.4889314471232560E-005
  -79.900000000000006       -3.4319576224681429E-005
  -79.799999999999997       -3.3743569910231311E-005
  -79.699999999999989       -3.3161392181046498E-005
  -79.599999999999994       -3.2572355529584369E-005
  -79.500000000000000       -3.1978009810707149E-005
  -79.400000000000006       -3.1379888024674159E-005
  -79.300000000000011       -3.0779644150161926E-005
  -79.200000000000003       -3.0177132542191065E-005
  -79.099999999999994       -2.9572442398792314E-005
  -79.000000000000000       -2.8965537865554143E-005
  -78.900000000000006       -2.8358559427787323E-005
  -78.799999999999997       -2.7752725594825317E-005
  -78.699999999999989       -2.7148760787563232E-005
  -78.599999999999994       -2.6545856439855528E-005
  -78.500000000000000       -2.5944638455905116E-005
  -78.400000000000006       -2.5345617578103622E-005
  -78.300000000000011       -2.4750806523518434E-005
  -78.200000000000003       -2.4160662533125576E-005
  -78.099999999999994       -2.3575396637136713E-005
  -78.000000000000000       -2.2994050165129168E-005
  -77.900000000000006       -2.2417735794078449E-005
  -77.799999999999997       -2.1847088565409285E-005
  -77.699999999999989       -2.1283706301546959E-005
  -77.599999999999994       -2.0727339332576798E-005
  -77.500000000000000       -2.0178063546090833E-005
  -77.400000000000006       -1.9634948052699085E-005
  -77.300000000000011       -1.9099347933897389E-005
  -77.200000000000003       -1.8571714856031844E-005
  -77.099999999999994       -1.8053279970419709E-005
  -77.000000000000000       -1.7543300577451988E-005
  -76.900000000000006       -1.7041892809748371E-005
  -76.799999999999997       -1.6548109739124727E-005
  -76.699999999999989       -1.6063362719571496E-005
  -76.599999999999994       -1.5587803877522842E-005
  -76.500000000000000       -1.5122470706400746E-005
  -76.400000000000006       -1.4666315182202672E-005
  -76.300000000000011       -1.4219534835591521E-005
  -76.200000000000003       -1.3781055820608643E-005
  -76.099999999999994       -1.3352259798347564E-005
  -76.000000000000000       -1.2932994125165184E-005
  -75.900000000000006       -1.2524282980645273E-005
  -75.799999999999997       -1.2124904328398613E-005
  -75.699999999999989       -1.1735141212139885E-005
  -75.599999999999994       -1.1353693313063481E-005
  -75.500000000000000       -1.0981879562207844E-005
  -75.400000000000006       -1.0619256807858913E-005
  -75.300000000000011       -1.0266985428001656E-005
  -75.200000000000003       -9.9237695223426875E-006
  -75.099999999999994       -9.5900105339116942E-006
  -75.000000000000000       -9.2641242735152216E-006
  -74.900000000000006       -8.9473392273892794E-006
  -74.799999999999997       -8.6388934419263845E-006
  -74.699999999999989       -8.3401808898789168E-006
  -74.599999999999994       -8.0499124024251873E-006
  -74.500000000000000       -7.7687085148774194E-006
  -74.400000000000006       -7.4947152643784568E-006
  -74.300000000000011       -7.2290441772531275E-006
  -74.200000000000003       -6.9705208742068223E-006
  -74.099999999999994       -6.7207775579202123E-006
  -74.000000000000000       -6.4785542075083804E-006
  -73.900000000000006       -6.2448600457540863E-006
  -73.799999999999997       -6.0176888463817963E-006
  -73.699999999999989       -5.7980744580450976E-006
  -73.599999999999994       -5.5843195591098758E-006
  -73.500000000000000       -5.3781700652204528E-006
  -73.400000000000006       -5.1782736229961432E-006
  -73.300000000000011       -4.9861790223682130E-006
  -73.200000000000003       -4.7999153694023243E-006
  -73.099999999999994       -4.6206492519741721E-006
  -73.000000000000000       -4.4461784884387069E-006
  -72.900000000000006       -4.2781834010773191E-006
  -72.799999999999997       -4.1149251891489677E-006
  -72.699999999999989       -3.9584382143649831E-006
  -72.599999999999994       -3.8068499653923952E-006
  -72.500000000000000       -3.6618214956634661E-006
  -72.400000000000006       -3.5209140307188971E-006
  -72.300000000000011       -3.3857762250367963E-006
  -72.200000000000003       -3.2540374737601998E-006
  -72.099999999999994       -3.1278948879276586E-006
  -72.000000000000000       -3.0052727836574097E-006
  -71.900000000000006       -2.8884995300600489E-006
  -71.799999999999997       -2.7751898476896320E-006
  -71.699999999999989       -2.6673903136645410E-006
  -71.599999999999994       -2.5622829010020923E-006
  -71.500000000000000       -2.4620511230661291E-006
  -71.400000000000006       -2.3639701281570486E-006
  -71.300000000000011       -2.2707011059193655E-006
  -71.200000000000003       -2.1796835996601224E-006
  -71.099999999999994       -2.0937000572609552E-006
  -71.000000000000000       -2.0098913571964209E-006
  -70.900000000000006       -1.9308703201380887E-006
  -70.799999999999997       -1.8533865411410133E-006
  -70.699999999999989       -1.7801772429812821E-006
  -70.599999999999994       -1.7079758864689790E-006
  -70.500000000000000       -1.6399379480048831E-006
  -70.400000000000006       -1.5728998620699879E-006
  -70.300000000000011       -1.5102473653895451E-006
  -70.200000000000003       -1.4486136004407250E-006
  -70.099999999999994       -1.3913383271809058E-006
  -70.000000000000000       -1.3346679037802148E-006
  -69.900000000000006       -1.2819921743848646E-006
  -69.799999999999997       -1.2293625834989748E-006
  -69.699999999999989       -1.1804903197859105E-006
  -69.599999999999994       -1.1314350518030256E-006
  -69.500000000000000       -1.0862593282227577E-006
  -69.400000000000006       -1.0409371631350478E-006
  -69.300000000000011       -9.9968411432537766E-007
  -69.200000000000003       -9.5816972992504530E-007
  -69.099999999999994       -9.2065965922400688E-007
  -69.000000000000000       -8.8247878731916079E-007
  -68.900000000000006       -8.4806323211338299E-007
  -68.799999999999997       -8.1253571944805886E-007
  -68.699999999999989       -7.8066391244469860E-007
  -68.599999999999994       -7.4746896463088592E-007
  -68.500000000000000       -7.1806351328314421E-007
  -68.400000000000006       -6.8730387044390099E-007
  -68.300000000000011       -6.6054209339487869E-007
  -68.200000000000003       -6.3233613534450362E-007
  -68.099999999999994       -6.0820585283342780E-007
  -68.000000000000000       -5.8235198360554938E-007
  -67.900000000000006       -5.6050204237223770E-007
  -67.799999999999997       -5.3654413185053804E-007
  -67.699999999999989       -5.1651067425724816E-007
  -67.599999999999994       -4.9404436771624339E-007
  -67.500000000000000       -4.7554483110187682E-007
  -67.400000000000006       -4.5442000029056715E-007
  -67.300000000000011       -4.3742993870870654E-007
  -67.200000000000003       -4.1769401613264640E-007
  -67.099999999999994       -4.0228937961622077E-007
  -67.000000000000000       -3.8397217511722911E-007
  -66.900000000000006       -3.7010220405310665E-007
  -66.799999999999997       -3.5301425715417312E-007
  -66.699999999999989       -3.4033737003361406E-007
  -66.599999999999994       -3.2394044515131900E-007
  -66.500000000000000       -3.1169986252071318E-007
  -66.400000000000006       -2.9494750550832870E-007
  -66.300000000000011       -2.8172161302056023E-007
  -66.200000000000003       -2.6265934374317389E-007
  -66.099999999999994       -2.4574478456198430E-007
  -66.000000000000000       -2.2060617415926409E-007
  -65.900000000000006       -1.9475128038112224E-007
  -65.799999999999997       -1.5625042398483897E-007
  -65.699999999999989       -1.1142821158498670E-007
  -65.599999999999994       -4.5938710292930032E-008
  -65.500000000000000        3.6115415150330752E-008
  -65.400000000000006        1.5268521032109996E-007
  -65.300000000000011        3.0319007510498165E-007
  -65.200000000000003        5.1056630261908715E-007
  -65.099999999999994        7.7898487861229975E-007
  -65.000000000000000        1.1374825215668068E-006
  -64.900000000000006        1.5953921143733401E-006
  -64.799999999999997        2.1877917073899186E-006
  -64.699999999999989        2.9275648600015087E-006
  -64.599999999999994        3.8532831677059067E-006
  -64.500000000000000        4.9763938519314255E-006
  -64.400000000000006        6.3326761160904018E-006
  -64.300000000000011        7.9231286989914547E-006
  -64.200000000000003        9.7705894877791125E-006
  -64.099999999999994        1.1853995692557597E-005
  -64.000000000000000        1.4171669821435834E-005
  -63.899999999999999        1.6670990790617683E-005
  -63.799999999999997        1.9318653567763959E-005
  -63.700000000000003        2.2030751257895639E-005
  -63.600000000000001        2.4747762998455641E-005
  -63.500000000000000        2.7371613011507854E-005
  -63.399999999999999        2.9840000460373214E-005
  -63.299999999999997        3.2074466331854057E-005
  -63.200000000000003        3.4047163962185864E-005
  -63.100000000000001        3.5736098971499864E-005
  -63.000000000000000        3.7180462149327630E-005
  -62.899999999999999        3.8429152809080515E-005
  -62.799999999999997        3.9589469091959853E-005
  -62.700000000000003        4.0750930383645168E-005
  -62.600000000000001        4.2042634433539390E-005
  -62.500000000000000        4.3524489822253076E-005
  -62.399999999999999        4.5271847803688426E-005
  -62.299999999999997        4.7249178630051995E-005
  -62.200000000000003        4.9428307373965739E-005
  -62.100000000000001        5.1678319083657244E-005
  -62.000000000000000        5.3898863677252544E-005
  -61.899999999999999        5.5951316909134202E-005
  -61.799999999999997        5.7770965057568639E-005
  -61.700000000000003        5.9323961323718059E-005
  -61.600000000000001        6.0676000000157853E-005
  -61.500000000000000        6.1920942907820823E-005
  -61.399999999999999        6.3228862773508302E-005
  -61.299999999999997        6.4704929019783488E-005
  -61.200000000000003        6.6475732488496740E-005
  -61.100000000000001        6.8506456907587636E-005
  -61.000000000000000        7.0760699438735845E-005
  -60.899999999999999        7.3058660121254240E-005
  -60.799999999999997        7.5268471834246395E-005
  -60.700000000000003        7.7245377300399267E-005
  -60.600000000000001        7.8967342992677315E-005
  -60.500000000000000        8.0482134473290623E-005
  -60.399999999999999        8.1963937945548027E-005
  -60.299999999999997        8.3559014634640048E-005
  -60.200000000000003        8.5457179812040385E-005
  -60.100000000000001        8.7649270411494114E-005
  -60.000000000000000        9.0114860905069819E-005
  -59.899999999999999        9.2637044258138984E-005
  -59.799999999999997        9.5058132068024211E-005
  -59.700000000000003        9.7220949976533806E-005
  -59.600000000000001        9.9135715863417405E-005
  -59.500000000000000        1.0090412888112269E-004
  -59.399999999999999        1.0277022194534495E-004
  -59.299999999999997        1.0487495466402673E-004
  -59.200000000000003        1.0737159364686460E-004
  -59.100000000000001        1.1012376569290509E-004
  -59.000000000000000        1.1299722536842920E-004
  -58.899999999999999        1.1572385995752909E-004
  -58.799999999999997        1.1819231274404249E-004
  -58.700000000000003        1.2040475535972931E-004
  -58.600000000000001        1.2257679153948614E-004
  -58.500000000000000        1.2490361103437546E-004
  -58.399999999999999        1.2763570720295133E-004
  -58.299999999999997        1.3069293195259747E-004
  -58.200000000000003        1.3397511267034779E-004
  -58.100000000000001        1.3716298651780890E-004
  -58.000000000000000        1.4010143621011716E-004
  -57.899999999999999        1.4276057365418272E-004
  -57.799999999999997        1.4537347023094592E-004
  -57.700000000000003        1.4815894611992181E-004
  -57.600000000000001        1.5139843213217845E-004
  -57.500000000000000        1.5497103594685704E-004
  -57.399999999999999        1.5873704235099979E-004
  -57.299999999999997        1.6234235454555516E-004
  -57.200000000000003        1.6566278839380392E-004
  -57.100000000000001        1.6874749786460191E-004
  -57.000000000000000        1.7193225946294819E-004
  -56.899999999999999        1.7542036173488488E-004
  -56.799999999999997        1.7942471235095635E-004
  -56.700000000000003        1.8366347639391949E-004
  -56.600000000000001        1.8789677001841145E-004
  -56.500000000000000        1.9182581784182658E-004
  -56.399999999999999        1.9550581383480221E-004
  -56.299999999999997        1.9915816337117459E-004
  -56.200000000000003        2.0321840029963845E-004
  -56.100000000000001        2.0770091424402321E-004
  -56.000000000000000        2.1256774633381171E-004
  -55.899999999999999        2.1736245839880716E-004
  -55.799999999999997        2.2187615964212575E-004
  -55.700000000000003        2.2610339124519224E-004
  -55.600000000000001        2.3044096685201701E-004
  -55.500000000000000        2.3512815322582317E-004
  -55.399999999999999        2.4040971195337900E-004
  -55.299999999999997        2.4588819671826195E-004
  -55.200000000000003        2.5126604239707515E-004
  -55.100000000000001        2.5628009407074133E-004
  -55.000000000000000        2.6116017190674012E-004
  -54.899999999999999        2.6621790775426516E-004
  -54.799999999999997        2.7190375037359994E-004
  -54.700000000000003        2.7796153731670791E-004
  -54.600000000000001        2.8413117617141819E-004
  -54.500000000000000        2.8996683828423110E-004
  -54.399999999999999        2.9553836957047538E-004
  -54.299999999999997        3.0114030386405326E-004
  -54.200000000000003        3.0733728536275114E-004
  -54.100000000000001        3.1399090790691490E-004
  -54.000000000000000        3.2090705646496025E-004
  -53.899999999999999        3.2753239478122090E-004
  -53.799999999999997        3.3384067158691446E-004
  -53.700000000000003        3.4010073701432221E-004
  -53.600000000000001        3.4694263276511340E-004
  -53.500000000000000        3.5427694289607149E-004
  -53.399999999999999        3.6193649661042036E-004
  -53.299999999999997        3.6930744449305459E-004
  -53.200000000000003        3.7634471341434217E-004
  -53.100000000000001        3.8333239914582577E-004
  -53.000000000000000        3.9094840324831794E-004
  -52.899999999999999        3.9906455756923072E-004
  -52.799999999999997        4.0747002794340974E-004
  -52.700000000000003        4.1553230215710010E-004
  -52.600000000000001        4.2327809608937086E-004
  -52.500000000000000        4.3105859418479957E-004
  -52.399999999999999        4.3957148774104187E-004
  -52.299999999999997        4.4854529748204275E-004
  -52.200000000000003        4.5765760528422377E-004
  -52.100000000000001        4.6633766520742174E-004
  -52.000000000000000        4.7479923992522203E-004
  -51.899999999999999        4.8347239925347358E-004
  -51.799999999999997        4.9298289491604230E-004
  -51.700000000000003        5.0281258797387569E-004
  -51.600000000000001        5.1251978049398868E-004
  -51.500000000000000        5.2174830084825109E-004
  -51.399999999999999        5.3101328993077524E-004
  -51.299999999999997        5.4072227685439476E-004
  -51.200000000000003        5.5124147261410427E-004
  -51.100000000000001        5.6178566100501643E-004
  -51.000000000000000        5.7193496793906718E-004
  -50.899999999999999        5.8173366473072009E-004
  -50.799999999999997        5.9199680806918070E-004
  -50.700000000000003        6.0284786230589715E-004
  -50.600000000000001        6.1418372900500450E-004
  -50.500000000000000        6.2516155805232240E-004
  -50.399999999999999        6.3570906541857261E-004
  -50.299999999999997        6.4629746670669759E-004
  -50.200000000000003        6.5774682162492387E-004
  -50.100000000000001        6.6960783315431736E-004
  -50.000000000000000        6.8134007599859002E-004
  -49.899999999999999        6.9252720955014966E-004
  -49.799999999999997        7.0373344420534775E-004
  -49.700000000000003        7.1545608403605465E-004
  -49.600000000000001        7.2795046138245665E-004
  -49.500000000000000        7.4030362783700297E-004
  -49.399999999999999        7.5208673867110812E-004
  -49.299999999999997        7.6367766452665271E-004
  -49.200000000000003        7.7599773363106589E-004
  -49.100000000000001        7.8886962138669805E-004
  -49.000000000000000        8.0172615295078756E-004
  -48.899999999999999        8.1400768706619956E-004
  -48.799999999999997        8.2610826342732345E-004
  -48.700000000000003        8.3871003907737675E-004
  -48.600000000000001        8.5209539456922515E-004
  -48.500000000000000        8.6537063079453148E-004
  -48.399999999999999        8.7794947133927527E-004
  -48.299999999999997        8.9036547416617470E-004
  -48.200000000000003        9.0350447013087766E-004
  -48.100000000000001        9.1720253403475933E-004
  -48.000000000000000        9.3064964513607507E-004
  -47.899999999999999        9.4352217160372745E-004
  -47.799999999999997        9.5628658034735165E-004
  -47.700000000000003        9.6971956463839319E-004
  -47.600000000000001        9.8368103601873392E-004
  -47.500000000000000        9.9735033204926627E-004
  -47.399999999999999        1.0102016622415022E-003
  -47.299999999999997        1.0232402141167002E-003
  -47.200000000000003        1.0370591205592064E-003
  -47.100000000000001        1.0512436051901023E-003
  -47.000000000000000        1.0646180653719225E-003
  -46.899999999999999        1.0776404486738656E-003
  -46.799999999999997        1.0909452324948748E-003
  -46.700000000000003        1.1050770762004976E-003
  -46.600000000000001        1.1189769452224923E-003
  -46.500000000000000        1.1324002767290429E-003
  -46.399999999999999        1.1452757917264533E-003
  -46.299999999999997        1.1589634636212766E-003
  -46.200000000000003        1.1730158648646553E-003
  -46.100000000000001        1.1869499399842537E-003
  -46.000000000000000        1.1997190439482712E-003
  -45.899999999999999        1.2129311098363965E-003
  -45.799999999999997        1.2266869371254888E-003
  -45.700000000000003        1.2409166427590035E-003
  -45.600000000000001        1.2538447366410874E-003
  -45.500000000000000        1.2668005682195096E-003
  -45.399999999999999        1.2799749481388998E-003
  -45.299999999999997        1.2941471308832667E-003
  -45.200000000000003        1.3072909040587747E-003
  -45.100000000000001        1.3202512773600340E-003
  -45.000000000000000        1.3327859657638486E-003
  -44.899999999999999        1.3466013369429497E-003
  -44.799999999999997        1.3598262403618734E-003
  -44.700000000000003        1.3729465246824215E-003
  -44.600000000000001        1.3849399152881855E-003
  -44.500000000000000        1.3982444573475735E-003
  -44.399999999999999        1.4113259373776540E-003
  -44.299999999999997        1.4246185895152926E-003
  -44.200000000000003        1.4362194414909144E-003
  -44.100000000000001        1.4489969074680783E-003
  -44.000000000000000        1.4617187602326781E-003
  -43.899999999999999        1.4750913000879668E-003
  -43.799999999999997        1.4864215965994982E-003
  -43.700000000000003        1.4987371252861161E-003
  -43.600000000000001        1.5109465507122041E-003
  -43.500000000000000        1.5242623178597940E-003
  -43.399999999999999        1.5353866452803753E-003
  -43.299999999999997        1.5473279522518872E-003
  -43.200000000000003        1.5589475810244438E-003
  -43.100000000000001        1.5720742866519874E-003
  -43.000000000000000        1.5830039848781950E-003
  -42.899999999999999        1.5946426374651163E-003
  -42.799999999999997        1.6056569529736308E-003
  -42.700000000000003        1.6184921278830768E-003
  -42.600000000000001        1.6292051969339228E-003
  -42.500000000000000        1.6405803388157994E-003
  -42.399999999999999        1.6510141143278455E-003
  -42.299999999999997        1.6634910797484127E-003
  -42.200000000000003        1.6739530227725889E-003
  -42.100000000000001        1.6850709280022420E-003
  -42.000000000000000        1.6949706199297554E-003
  -41.899999999999999        1.7070532403174233E-003
  -41.799999999999997        1.7172316961695051E-003
  -41.700000000000003        1.7280729441689967E-003
  -41.600000000000001        1.7374945828276631E-003
  -41.500000000000000        1.7491684815512927E-003
  -41.399999999999999        1.7590405672585556E-003
  -41.299999999999997        1.7695687854020893E-003
  -41.200000000000003        1.7785718480670958E-003
  -41.100000000000001        1.7898364416793237E-003
  -41.000000000000000        1.7993899614187471E-003
  -40.899999999999999        1.8095597009666333E-003
  -40.799999999999997        1.8182054567156022E-003
  -40.700000000000003        1.8290679554604781E-003
  -40.600000000000001        1.8382983564155428E-003
  -40.500000000000000        1.8480617051793104E-003
  -40.399999999999999        1.8564138680312548E-003
  -40.299999999999997        1.8668852363684571E-003
  -40.200000000000003        1.8757907750467113E-003
  -40.100000000000001        1.8851029343363180E-003
  -40.000000000000000        1.8932285925278784E-003
  -39.899999999999999        1.9033205373449086E-003
  -39.799999999999997        1.9118974140670258E-003
  -39.700000000000003        1.9207225212676780E-003
  -39.600000000000001        1.9286923184954571E-003
  -39.500000000000000        1.9384134591633575E-003
  -39.399999999999999        1.9466522958840832E-003
  -39.299999999999997        1.9549707388226349E-003
  -39.200000000000003        1.9628568433573985E-003
  -39.100000000000001        1.9722071581373128E-003
  -39.000000000000000        1.9800932150139446E-003
  -38.899999999999999        1.9879102162156112E-003
  -38.799999999999997        1.9957799290296579E-003
  -38.700000000000003        2.0047438016385873E-003
  -38.600000000000001        2.0122630571677153E-003
  -38.500000000000000        2.0196175460648774E-003
  -38.399999999999999        2.0275215203968337E-003
  -38.299999999999997        2.0360605450338329E-003
  -38.200000000000003        2.0432122903391863E-003
  -38.100000000000001        2.0501834759841112E-003
  -38.000000000000000        2.0581387075389924E-003
  -37.899999999999999        2.0661883269224423E-003
  -37.799999999999997        2.0730035208978265E-003
  -37.700000000000003        2.0797091513829248E-003
  -37.600000000000001        2.0876792274127599E-003
  -37.500000000000000        2.0951562478373079E-003
  -37.399999999999999        2.1017164447821842E-003
  -37.299999999999997        2.1082956486724552E-003
  -37.200000000000003        2.1161768811795985E-003
  -37.100000000000001        2.1230040518978944E-003
  -37.000000000000000        2.1294488182795621E-003
  -36.899999999999999        2.1360253195688052E-003
  -36.799999999999997        2.1436529127290037E-003
  -36.700000000000003        2.1498021757005766E-003
  -36.600000000000001        2.1563099293091764E-003
  -36.500000000000000        2.1629387131930225E-003
  -36.399999999999999        2.1701265728766373E-003
  -36.299999999999997        2.1756715449809602E-003
  -36.200000000000003        2.1824031712386854E-003
  -36.100000000000001        2.1890192873827300E-003
  -36.000000000000000        2.1956374295122819E-003
  -35.899999999999999        2.2007869554835848E-003
  -35.799999999999997        2.2077983014313130E-003
  -35.700000000000003        2.2142046874361323E-003
  -35.600000000000001        2.2202728644783957E-003
  -35.500000000000000        2.2253450347453603E-003
  -35.399999999999999        2.2325073336818329E-003
  -35.299999999999997        2.2384399574175381E-003
  -35.200000000000003        2.2441805516769902E-003
  -35.100000000000001        2.2494902399626841E-003
  -35.000000000000000        2.2564873175941690E-003
  -34.899999999999999        2.2617642624888161E-003
  -34.799999999999997        2.2675438133440873E-003
  -34.700000000000003        2.2732275559635639E-003
  -34.600000000000001        2.2796870005968787E-003
  -34.500000000000000        2.2843796381872635E-003
  -34.399999999999999        2.2905124226878771E-003
  -34.299999999999997        2.2963932959675797E-003
  -34.200000000000003        2.3021297381236711E-003
  -34.100000000000001        2.3066201197703630E-003
  -34.000000000000000        2.3131180759395293E-003
  -33.899999999999999        2.3187587073027439E-003
  -33.799999999999997        2.3239780687245907E-003
  -33.700000000000003        2.3287762991035170E-003
  -33.600000000000001        2.3352508067831504E-003
  -33.500000000000000        2.3402567182335011E-003
  -33.399999999999999        2.3454967463544581E-003
  -33.299999999999997        2.3508594949005960E-003
  -33.200000000000003        2.3567625235065615E-003
  -33.100000000000001        2.3611668798622877E-003
  -33.000000000000000        2.3668916030446974E-003
  -32.899999999999999        2.3725341352439843E-003
  -32.799999999999997        2.3776564861146330E-003
  -32.700000000000003        2.3820124410963072E-003
  -32.600000000000001        2.3881364761619943E-003
  -32.500000000000000        2.3934090727810533E-003
  -32.399999999999999        2.3981896667636107E-003
  -32.299999999999997        2.4031184518577384E-003
  -32.200000000000003        2.4089906048812789E-003
  -32.100000000000001        2.4135306177571676E-003
  -32.000000000000000        2.4187106387713072E-003
  -31.899999999999999        2.4242158898875360E-003
  -31.800000000000001        2.4292877813962533E-003
  -31.700000000000003        2.4335231782962609E-003
  -31.600000000000001        2.4393133108674102E-003
  -31.500000000000000        2.4446685660468072E-003
  -31.399999999999999        2.4492298786991462E-003
  -31.299999999999997        2.4539893355546550E-003
  -31.199999999999999        2.4597151394837313E-003
  -31.100000000000001        2.4643084978290355E-003
  -31.000000000000000        2.4692573862578021E-003
  -30.899999999999999        2.4747102809177159E-003
  -30.800000000000001        2.4796371715005748E-003
  -30.700000000000003        2.4838709887433398E-003
  -30.600000000000001        2.4895235637385988E-003
  -30.500000000000000        2.4948349243225578E-003
  -30.399999999999999        2.4992873332679607E-003
  -30.299999999999997        2.5041324349896958E-003
  -30.199999999999999        2.5096681429886713E-003
  -30.100000000000001        2.5141701613726254E-003
  -30.000000000000000        2.5191848161156471E-003
  -29.899999999999999        2.5246992333573365E-003
  -29.800000000000001        2.5293858019620158E-003
  -29.700000000000003        2.5337248522629076E-003
  -29.600000000000001        2.5394014263293296E-003
  -29.500000000000000        2.5445226557704939E-003
  -29.399999999999999        2.5490368114018907E-003
  -29.299999999999997        2.5542029146382846E-003
  -29.199999999999999        2.5594349591849691E-003
  -29.100000000000001        2.5637915846171704E-003
  -29.000000000000000        2.5691424443828126E-003
  -28.899999999999999        2.5746738192264471E-003
  -28.800000000000001        2.5791584704897490E-003
  -28.700000000000003        2.5838647631206586E-003
  -28.600000000000001        2.5895041172394376E-003
  -28.500000000000000        2.5942396465485195E-003
  -28.399999999999999        2.5991333542657131E-003
  -28.299999999999997        2.6047349457972158E-003
  -28.199999999999999        2.6094804788976749E-003
  -28.100000000000001        2.6139930418458278E-003
  -28.000000000000000        2.6199136227626810E-003
  -27.899999999999999        2.6249701911042070E-003
  -27.800000000000001        2.6296850412761714E-003
  -27.700000000000003        2.6350265214866433E-003
  -27.600000000000001        2.6395229240401873E-003
  -27.500000000000000        2.6445978771174306E-003
  -27.399999999999999        2.6505430807781268E-003
  -27.299999999999997        2.6559897592547213E-003
  -27.199999999999999        2.6624969980438462E-003
  -27.100000000000001        2.6660480817729806E-003
  -27.000000000000000        2.6698246545168443E-003
  -26.899999999999999        2.6756477122070010E-003
  -26.800000000000001        2.6777104500643667E-003
  -26.700000000000003        2.6870159991406145E-003
  -26.600000000000001        2.6971053176681162E-003
  -26.500000000000000        2.6981494683083525E-003
  -26.399999999999999        2.7076513006281688E-003
  -26.299999999999997        2.7077895011728926E-003
  -26.199999999999999        2.7037653830960049E-003
  -26.100000000000001        2.7181655615133140E-003
  -26.000000000000000        2.7227816775110647E-003
  -25.899999999999999        2.7305370819337305E-003
  -25.800000000000001        2.7445809300766497E-003
  -25.700000000000003        2.7407080278504131E-003
  -25.600000000000001        2.7433439134819902E-003
  -25.500000000000000        2.7513058694708715E-003
  -25.399999999999999        2.7579647375007696E-003
  -25.299999999999997        2.7636979445577960E-003
  -25.199999999999999        2.7677164645794139E-003
  -25.100000000000001        2.7729615837621632E-003
  -25.000000000000000        2.7739258602046579E-003
  -24.899999999999999        2.7863977313134065E-003
  -24.800000000000001        2.7970179695082122E-003
  -24.700000000000003        2.7970861600608021E-003
  -24.600000000000001        2.8004969074250695E-003
  -24.500000000000000        2.8076450357765051E-003
  -24.399999999999999        2.8189888216396254E-003
  -24.299999999999997        2.8221761378284770E-003
  -24.199999999999999        2.8254279698701518E-003
  -24.100000000000001        2.8303767792408337E-003
  -24.000000000000000        2.8377309002176796E-003
  -23.899999999999999        2.8462782907796580E-003
  -23.800000000000001        2.8495871527538597E-003
  -23.700000000000003        2.8545254394569740E-003
  -23.600000000000001        2.8636415121265431E-003
  -23.500000000000000        2.8707739467980905E-003
  -23.399999999999999        2.8714984222070576E-003
  -23.299999999999997        2.8801981082123987E-003
  -23.199999999999999        2.8883991372558714E-003
  -23.100000000000001        2.8944978269287193E-003
  -23.000000000000000        2.8979858155859179E-003
  -22.899999999999999        2.9069295607212840E-003
  -22.800000000000001        2.9163602745261087E-003
  -22.700000000000003        2.9199035764348354E-003
  -22.600000000000001        2.9319229084082436E-003
  -22.500000000000000        2.9341895322664850E-003
  -22.399999999999999        2.9432982172030381E-003
  -22.299999999999997        2.9470600342336472E-003
  -22.199999999999999        2.9492638501540935E-003
  -22.100000000000001        2.9591418681829676E-003
  -22.000000000000000        2.9615524125168016E-003
  -21.899999999999999        2.9735336115780443E-003
  -21.800000000000001        2.9834756542493784E-003
  -21.700000000000003        2.9896823401196902E-003
  -21.600000000000001        3.0007175896384552E-003
  -21.500000000000000        3.0040770135639516E-003
  -21.399999999999999        3.0070663513426851E-003
  -21.299999999999997        3.0175242307887529E-003
  -21.199999999999999        3.0210592740314820E-003
  -21.100000000000001        3.0326485285525904E-003
  -21.000000000000000        3.0452900816972609E-003
  -20.899999999999999        3.0475598887575936E-003
  -20.800000000000001        3.0569818451967826E-003
  -20.700000000000003        3.0613804766935070E-003
  -20.600000000000001        3.0657238900455921E-003
  -20.500000000000000        3.0781764120282173E-003
  -20.399999999999999        3.0906943882854370E-003
  -20.299999999999997        3.0960145146561179E-003
  -20.199999999999999        3.1056317653251710E-003
  -20.100000000000001        3.1102310101212140E-003
  -20.000000000000000        3.1141208049879853E-003
  -19.899999999999999        3.1271085608473572E-003
  -19.800000000000001        3.1411002874683395E-003
  -19.700000000000003        3.1458274478639685E-003
  -19.600000000000001        3.1543535970744961E-003
  -19.500000000000000        3.1613125224622374E-003
  -19.399999999999999        3.1669475115647335E-003
  -19.299999999999997        3.1800086837890083E-003
  -19.199999999999999        3.1952275764575390E-003
  -19.100000000000001        3.2000627068417384E-003
  -19.000000000000000        3.2101250168425112E-003
  -18.899999999999999        3.2191620511697406E-003
  -18.800000000000001        3.2239348833176295E-003
  -18.700000000000003        3.2402542433042384E-003
  -18.600000000000001        3.2522252161636392E-003
  -18.500000000000000        3.2618291151300248E-003
  -18.399999999999999        3.2743202457733377E-003
  -18.299999999999997        3.2822142607810707E-003
  -18.199999999999999        3.2887053778679065E-003
  -18.100000000000001        3.3034360611119916E-003
  -18.000000000000000        3.3126137851845171E-003
  -17.899999999999999        3.3264213708908748E-003
  -17.800000000000001        3.3422882205604455E-003
  -17.700000000000003        3.3501457421752081E-003
  -17.600000000000001        3.3659312018011083E-003
  -17.500000000000000        3.3744300173926063E-003
  -17.399999999999999        3.3859261660942625E-003
  -17.299999999999997        3.4001268513510837E-003
  -17.199999999999999        3.4112347976323698E-003
  -17.100000000000001        3.4273529000886389E-003
  -17.000000000000000        3.4419977922452781E-003
  -16.899999999999999        3.4557915582739307E-003
  -16.800000000000001        3.4735150938726132E-003
  -16.700000000000003        3.4852568229841261E-003
  -16.600000000000001        3.5029393433431717E-003
  -16.500000000000000        3.5157900634223806E-003
  -16.399999999999999        3.5317304704018571E-003
  -16.299999999999997        3.5475858694285199E-003
  -16.199999999999999        3.5620795460863950E-003
  -16.100000000000001        3.5806750265428336E-003
  -16.000000000000000        3.5947862728275080E-003
  -15.900000000000000        3.6151221639950824E-003
  -15.800000000000001        3.6299142660626482E-003
  -15.699999999999999        3.6510205733177527E-003
  -15.600000000000000        3.6669744044847187E-003
  -15.500000000000000        3.6884407553375007E-003
  -15.400000000000000        3.7056817043356343E-003
  -15.300000000000001        3.7275243409060060E-003
  -15.199999999999999        3.7462301718059598E-003
  -15.100000000000000        3.7684188186173783E-003
  -15.000000000000000        3.7885923643422976E-003
  -14.900000000000000        3.8112281716014859E-003
  -14.800000000000001        3.8326947781018184E-003
  -14.699999999999999        3.8560930991894753E-003
  -14.600000000000000        3.8788445571188422E-003
  -14.500000000000000        3.9031827177820723E-003
  -14.400000000000000        3.9273126855635188E-003
  -14.300000000000001        3.9526402291086907E-003
  -14.199999999999999        3.9781482928013109E-003
  -14.100000000000000        4.0046158182158106E-003
  -14.000000000000000        4.0315280608458522E-003
  -13.900000000000000        4.0592932002299085E-003
  -13.800000000000001        4.0877365337240040E-003
  -13.699999999999999        4.1168596602156170E-003
  -13.600000000000000        4.1469283220139808E-003
  -13.500000000000000        4.1775019977090657E-003
  -13.400000000000000        4.2092376515091307E-003
  -13.300000000000001        4.2414314185430400E-003
  -13.199999999999999        4.2749282770859487E-003
  -13.100000000000000        4.3088823860497989E-003
  -13.000000000000000        4.3442826308774957E-003
  -12.900000000000000        4.3800992471452090E-003
  -12.800000000000001        4.4175183672836406E-003
  -12.699999999999999        4.4553421110095394E-003
  -12.600000000000000        4.4948800630392194E-003
  -12.500000000000000        4.5348976106112295E-003
  -12.400000000000000        4.5766940432376800E-003
  -12.300000000000001        4.6190775059040427E-003
  -12.199999999999999        4.6633063873149734E-003
  -12.100000000000000        4.7082146384137156E-003
  -12.000000000000000        4.7550448158396388E-003
  -11.900000000000000        4.8026664978130960E-003
  -11.800000000000001        4.8522619199618906E-003
  -11.699999999999999        4.9028212344604553E-003
  -11.600000000000000        4.9553702434299157E-003
  -11.500000000000000        5.0090990742414276E-003
  -11.400000000000000        5.0648220868540457E-003
  -11.300000000000001        5.1219519502935830E-003
  -11.199999999999999        5.1810857463627791E-003
  -11.100000000000000        5.2418657405984177E-003
  -11.000000000000000        5.3046542642708559E-003
  -10.900000000000000        5.3693638261462853E-003
  -10.800000000000001        5.4360661793542361E-003
  -10.699999999999999        5.5050100399751173E-003
  -10.600000000000000        5.5759129163207690E-003
  -10.500000000000000        5.6494107875742529E-003
  -10.400000000000000        5.7248314069988466E-003
  -10.300000000000001        5.8032169494353532E-003
  -10.199999999999999        5.8834986648817157E-003
  -10.100000000000000        5.9671266869995142E-003
  -10.000000000000000        6.0526372908655457E-003
  -9.9000000000000004        6.1418887066502391E-003
  -9.8000000000000007        6.2330234925000172E-003
  -9.6999999999999993        6.3283052433394096E-003
  -9.5999999999999996        6.4254923497855387E-003
  -9.5000000000000000        6.5272352416874003E-003
  -9.4000000000000004        6.6309404455666245E-003
  -9.3000000000000007        6.7395975221679234E-003
  -9.1999999999999993        6.8503258887014163E-003
  -9.0999999999999996        6.9663738589356983E-003
  -9.0000000000000000        7.0846700469194435E-003
  -8.9000000000000004        7.2086122955083206E-003
  -8.8000000000000007        7.3350609511508447E-003
  -8.6999999999999993        7.4674299631097320E-003
  -8.5999999999999996        7.6026551482310661E-003
  -8.5000000000000000        7.7440152124251382E-003
  -8.4000000000000004        7.8886796621436949E-003
  -8.3000000000000007        8.0396291025636741E-003
  -8.1999999999999993        8.1944324787285843E-003
  -8.0999999999999996        8.3556053896510305E-003
  -8.0000000000000000        8.5212802037753950E-003
  -7.9000000000000004        8.6933489772759963E-003
  -7.7999999999999998        8.8706556091909597E-003
  -7.6999999999999993        9.0543326939352721E-003
  -7.5999999999999996        9.2440529464976485E-003
  -7.5000000000000000        9.4400915859550755E-003
  -7.4000000000000004        9.6430206419454764E-003
  -7.3000000000000007        9.8522148707552021E-003
  -7.2000000000000002        1.0069153498235063E-002
  -7.0999999999999996        1.0292335197815011E-002
  -7.0000000000000000        1.0524081348966289E-002
  -6.9000000000000004        1.0762114472795075E-002
  -6.7999999999999998        1.1009454749046500E-002
  -6.6999999999999993        1.1263226505926186E-002
  -6.5999999999999996        1.1526928913203185E-002
  -6.5000000000000000        1.1797335969924968E-002
  -6.4000000000000004        1.2078142395199663E-002
  -6.3000000000000007        1.2366073320438653E-002
  -6.2000000000000002        1.2664692397944060E-002
  -6.0999999999999996        1.2971006409389554E-002
  -6.0000000000000000        1.3288107040001648E-002
  -5.9000000000000004        1.3613608502800637E-002
  -5.7999999999999998        1.3949811558360231E-002
  -5.6999999999999993        1.4295222981304836E-002
  -5.5999999999999996        1.4651091732910772E-002
  -5.5000000000000000        1.5017025503858479E-002
  -5.4000000000000004        1.5393053028116730E-002
  -5.3000000000000007        1.5779982777885303E-002
  -5.2000000000000002        1.6176573097762794E-002
  -5.0999999999999996        1.6584808019261797E-002
  -5.0000000000000000        1.7002253129142657E-002
  -4.9000000000000004        1.7431913469060093E-002
  -4.7999999999999998        1.7870365479254410E-002
  -4.6999999999999993        1.8321358918781058E-002
  -4.5999999999999996        1.8780794645066174E-002
  -4.5000000000000000        1.9252796779916211E-002
  -4.4000000000000004        1.9732979008190526E-002
  -4.3000000000000007        2.0225415157639686E-002
  -4.2000000000000002        2.0725852302434008E-002
  -4.0999999999999996        2.1237877811973175E-002
  -4.0000000000000000        2.1757780502470573E-002
  -3.8999999999999999        2.2288261401293964E-002
  -3.7999999999999998        2.2826502585356769E-002
  -3.7000000000000002        2.3373989224832168E-002
  -3.6000000000000001        2.3929060972009690E-002
  -3.5000000000000000        2.4491756045613277E-002
  -3.3999999999999999        2.5061728810771101E-002
  -3.2999999999999998        2.5637445251548305E-002
  -3.2000000000000002        2.6219923951751239E-002
  -3.1000000000000001        2.6806031196362594E-002
  -3.0000000000000000        2.7398107182968597E-002
  -2.8999999999999999        2.7991469694054357E-002
  -2.7999999999999998        2.8589672222314552E-002
  -2.7000000000000002        2.9186577472726113E-002
  -2.6000000000000001        2.9786817238027199E-002
  -2.5000000000000000        3.0382898549818814E-002
  -2.3999999999999999        3.0980409434034642E-002
  -2.2999999999999998        3.1570563178114769E-002
  -2.2000000000000002        3.2159841769961464E-002
  -2.1000000000000001        3.2738137135695414E-002
  -2.0000000000000000        3.3312876088497513E-002
  -1.8999999999999999        3.3872499525661744E-002
  -1.8000000000000000        3.4425575219534196E-002
  -1.7000000000000002        3.4958900818077496E-002
  -1.6000000000000001        3.5482605903447866E-002
  -1.5000000000000000        3.5981741724599156E-002
  -1.3999999999999999        3.6468937912282527E-002
  -1.2999999999999998        3.6927746588088027E-002
  -1.2000000000000000        3.7375237789411021E-002
  -1.1000000000000001        3.7794942303685651E-002
  -1.0000000000000000        3.8209811257599022E-002
 -0.90000000000000002        3.8604173403998195E-002
 -0.80000000000000004        3.8990832471698371E-002
 -0.69999999999999996        3.9329030978225640E-002
 -0.59999999999999998        3.9538110277374798E-002
 -0.50000000000000000        3.9473707454166368E-002
 -0.40000000000000002        3.8609943436186740E-002
 -0.30000000000000004        3.7595546712791500E-002
 -0.20000000000000001        3.9711100326210121E-002
 -0.10000000000000001        3.7150954191398314E-002
   0.0000000000000000        3.8498992180205041E-002
  0.10000000000000001        4.0548163187988921E-002
  0.20000000000000001        4.1111059234727132E-002
  0.30000000000000004        3.5958406230089293E-002
  0.40000000000000002        4.2912857389056432E-002
  0.50000000000000000        2.9351019924478531E-002
  0.59999999999999998        3.0226700251889227E-002
  0.69999999999999996        3.5264483627204024E-002
  0.80000000000000004        4.0302267002518821E-002
  0.90000000000000002        4.5340050377833618E-002
   1.0000000000000000        5.0377833753148638E-002
   1.1000000000000001        5.5415617128463435E-002
   1.2000000000000000        6.0453400503778232E-002
   1.2999999999999998        6.5491183879093251E-002
   1.3999999999999999        7.0528967254408048E-002
   1.5000000000000000        7.5566750629722845E-002
   1.6000000000000001        8.0604534005037864E-002
   1.7000000000000002        8.5642317380352662E-002
   1.8000000000000000        9.0680100755667459E-002
   1.8999999999999999        9.5717884130982256E-002
   2.0000000000000000       0.10075566750629728     
   2.1000000000000001       0.10579345088161207     
   2.2000000000000002       0.11083123425692687     
   2.2999999999999998       0.11586901763224189     
   2.3999999999999999       0.12090680100755646     
   2.5000000000000000       0.12594458438287148     
   2.6000000000000001       0.13098236775818650     
   2.7000000000000002       0.13602015113350108     
   2.7999999999999998       0.14105793450881610     
   2.8999999999999999       0.14609571788413089     
   3.0000000000000000       0.15113350125944591     
   3.1000000000000001       0.15617128463476071     
   3.2000000000000002       0.16120906801007551     
   3.2999999999999998       0.16624685138539053     
   3.3999999999999999       0.17128463476070510     
   3.5000000000000000       0.17632241813602012     
   3.6000000000000001       0.18136020151133514     
   3.7000000000000002       0.18639798488664971     
   3.7999999999999998       0.19143576826196473     
   3.8999999999999999       0.19647355163727953     
   4.0000000000000000       0.20151133501259433     
   4.0999999999999996       0.20654911838790935     
   4.2000000000000002       0.21158690176322414     
   4.3000000000000007       0.21662468513853894     
   4.4000000000000004       0.22166246851385374     
   4.5000000000000000       0.22670025188916876     
   4.5999999999999996       0.23173803526448356     
   4.6999999999999993       0.23677581863979835     
   4.7999999999999998       0.24181360201511337     
   4.9000000000000004       0.24685138539042817     
   5.0000000000000000       0.25188916876574297     
   5.0999999999999996       0.25692695214105798     
   5.2000000000000002       0.26196473551637278     
   5.3000000000000007       0.26700251889168758     
   5.4000000000000004       0.27204030226700238     
   5.5000000000000000       0.27707808564231740     
   5.5999999999999996       0.28211586901763219     
   5.6999999999999993       0.28715365239294699     
   5.7999999999999998       0.29219143576826201     
   5.9000000000000004       0.29722921914357681     
   6.0000000000000000       0.30226700251889160     
   6.0999999999999996       0.30730478589420662     
   6.2000000000000002       0.31234256926952142     
   6.3000000000000007       0.31738035264483622     
   6.4000000000000004       0.32241813602015101     
   6.5000000000000000       0.32745591939546603     
   6.5999999999999996       0.33249370277078083     
   6.6999999999999993       0.33753148614609563     
   6.7999999999999998       0.34256926952141065     
   6.9000000000000004       0.34760705289672522     
   7.0000000000000000       0.35264483627204024     
   7.0999999999999996       0.35768261964735526     
   7.2000000000000002       0.36272040302266984     
   7.3000000000000007       0.36775818639798485     
   7.4000000000000004       0.37279596977329965     
   7.5000000000000000       0.37783375314861445     
   7.5999999999999996       0.38287153652392947     
   7.6999999999999993       0.38790931989924426     
   7.7999999999999998       0.39294710327455906     
   7.9000000000000004       0.39798488664987386     
   8.0000000000000000       0.40302267002518888     
   8.0999999999999996       0.40806045340050390     
   8.1999999999999993       0.41309823677581847     
   8.3000000000000007       0.41813602015113349     
   8.4000000000000004       0.42317380352644829     
   8.5000000000000000       0.42821158690176309     
   8.5999999999999996       0.43324937027707811     
   8.6999999999999993       0.43828715365239290     
   8.8000000000000007       0.44332493702770770     
   8.9000000000000004       0.44836272040302250     
   9.0000000000000000       0.45340050377833752     
   9.0999999999999996       0.45843828715365231     
   9.1999999999999993       0.46347607052896711     
   9.3000000000000007       0.46851385390428213     
   9.4000000000000004       0.47355163727959693     
   9.5000000000000000       0.47858942065491172     
   9.5999999999999996       0.48362720403022674     
   9.6999999999999993       0.48866498740554154     
   9.8000000000000007       0.49370277078085634     
   9.9000000000000004       0.49874055415617113     
   10.000000000000000       0.50377833753148615     
   10.100000000000000       0.50881612090680095     
   10.199999999999999       0.51385390428211575     
   10.300000000000001       0.51889168765743077     
   10.400000000000000       0.52392947103274534     
   10.500000000000000       0.52896725440806036     
   10.600000000000000       0.53400503778337538     
   10.699999999999999       0.53904282115868996     
   10.800000000000001       0.54408060453400497     
   10.900000000000000       0.54911838790931977     
   11.000000000000000       0.55415617128463479     
   11.100000000000000       0.55919395465994959     
   11.199999999999999       0.56423173803526439     
   11.300000000000001       0.56926952141057940     
   11.400000000000000       0.57430730478589398     
   11.500000000000000       0.57934508816120900     
   11.600000000000000       0.58438287153652402     
   11.699999999999999       0.58942065491183859     
   11.800000000000001       0.59445843828715361     
   11.900000000000000       0.59949622166246841     
   12.000000000000000       0.60453400503778321     
   12.100000000000000       0.60957178841309823     
   12.199999999999999       0.61460957178841280     
   12.300000000000001       0.61964735516372804     
   12.400000000000000       0.62468513853904262     
   12.500000000000000       0.62972292191435764     
   12.600000000000000       0.63476070528967243     
   12.699999999999999       0.63979848866498701     
   12.800000000000001       0.64483627204030247     
   12.900000000000000       0.64987405541561705     
   13.000000000000000       0.65491183879093184     
   13.100000000000000       0.65994962216624686     
   13.199999999999999       0.66498740554156144     
   13.300000000000001       0.67002518891687668     
   13.400000000000000       0.67506297229219125     
   13.500000000000000       0.68010075566750627     
   13.600000000000000       0.68513853904282107     
   13.699999999999999       0.69017632241813565     
   13.800000000000001       0.69521410579345111     
   13.900000000000000       0.70025188916876568     
   14.000000000000000       0.70528967254408048     
   14.100000000000000       0.71032745591939550     
   14.199999999999999       0.71536523929471008     
   14.300000000000001       0.72040302267002532     
   14.400000000000000       0.72544080604533989     
   14.500000000000000       0.73047858942065491     
   14.600000000000000       0.73551637279596971     
   14.699999999999999       0.74055415617128428     
   14.800000000000001       0.74559193954659952     
   14.900000000000000       0.75062972292191410     
   15.000000000000000       0.75566750629722912     
   15.100000000000000       0.76070528967254414     
   15.199999999999999       0.76574307304785871     
   15.300000000000001       0.77078085642317395     
   15.400000000000000       0.77581863979848853     
   15.500000000000000       0.78085642317380333     
   15.600000000000000       0.78589420654911835     
   15.699999999999999       0.79093198992443292     
   15.800000000000001       0.79596977329974816     
   15.900000000000000       0.80100755667506274     
   16.000000000000000       0.80604534005037776     
   16.100000000000001       0.81108312342569278     
   16.199999999999999       0.81612090680100713     
   16.299999999999997       0.82115869017632215     
   16.399999999999999       0.82619647355163717     
   16.500000000000000       0.83123425692695196     
   16.600000000000001       0.83627204030226698     
   16.700000000000003       0.84130982367758200     
   16.800000000000001       0.84634760705289680     
   16.899999999999999       0.85138539042821137     
   17.000000000000000       0.85642317380352639     
   17.100000000000001       0.86146095717884119     
   17.199999999999999       0.86649874055415577     
   17.299999999999997       0.87153652392947079     
   17.399999999999999       0.87657430730478580     
   17.500000000000000       0.88161209068010060     
   17.600000000000001       0.88664987405541562     
   17.700000000000003       0.89168765743073042     
   17.800000000000001       0.89672544080604544     
   17.899999999999999       0.90176322418136001     
   18.000000000000000       0.90680100755667503     
   18.100000000000001       0.91183879093198983     
   18.199999999999999       0.91687657430730440     
   18.299999999999997       0.92191435768261942     
   18.399999999999999       0.92695214105793422     
   18.500000000000000       0.93198992443324924     
   18.600000000000001       0.93702770780856426     
   18.700000000000003       0.94206549118387906     
   18.800000000000001       0.94710327455919407     
   18.899999999999999       0.95214105793450865     
   19.000000000000000       0.95717884130982367     
   19.100000000000001       0.96221662468513847     
   19.199999999999999       0.96725440806045304     
   19.299999999999997       0.97229219143576806     
   19.399999999999999       0.97732997481108286     
   19.500000000000000       0.98236775818639788     
   19.600000000000001       0.98740554156171290     
   19.700000000000003       0.99244332493702769     
   19.800000000000001       0.99748110831234271     
   19.899999999999999        1.0025188916876573     
   20.000000000000000        1.0075566750629723     
   20.100000000000001        1.0125944584382873     
   20.199999999999999        1.0176322418136015     
   20.299999999999997        1.0226700251889165     
   20.399999999999999        1.0277078085642315     
   20.500000000000000        1.0327455919395465     
   20.600000000000001        1.0377833753148615     
   20.700000000000003        1.0428211586901766     
   20.800000000000001        1.0478589420654911     
   20.899999999999999        1.0528967254408057     
   21.000000000000000        1.0579345088161207     
   21.100000000000001        1.0629722921914357     
   21.199999999999999        1.0680100755667503     
   21.299999999999997        1.0730478589420653     
   21.399999999999999        1.0780856423173804     
   21.500000000000000        1.0831234256926949     
   21.600000000000001        1.0881612090680099     
   21.700000000000003        1.0931989924433250     
   21.800000000000001        1.0982367758186400     
   21.899999999999999        1.1032745591939546     
   22.000000000000000        1.1083123425692696     
   22.100000000000001        1.1133501259445842     
   22.199999999999999        1.1183879093198987     
   22.299999999999997        1.1234256926952138     
   22.399999999999999        1.1284634760705288     
   22.500000000000000        1.1335012594458438     
   22.600000000000001        1.1385390428211588     
   22.700000000000003        1.1435768261964734     
   22.800000000000001        1.1486146095717884     
   22.899999999999999        1.1536523929471030     
   23.000000000000000        1.1586901763224180     
   23.100000000000001        1.1637279596977330     
   23.199999999999999        1.1687657430730476     
   23.299999999999997        1.1738035264483626     
   23.399999999999999        1.1788413098236772     
   23.500000000000000        1.1838790931989922     
   23.600000000000001        1.1889168765743072     
   23.700000000000003        1.1939546599496222     
   23.800000000000001        1.1989924433249373     
   23.899999999999999        1.2040302267002518     
   24.000000000000000        1.2090680100755664     
   24.100000000000001        1.2141057934508814     
   24.199999999999999        1.2191435768261960     
   24.299999999999997        1.2241813602015110     
   24.399999999999999        1.2292191435768260     
   24.500000000000000        1.2342569269521411     
   24.600000000000001        1.2392947103274556     
   24.700000000000003        1.2443324937027707     
   24.800000000000001        1.2493702770780857     
   24.899999999999999        1.2544080604534003     
   25.000000000000000        1.2594458438287153     
   25.100000000000001        1.2644836272040303     
   25.199999999999999        1.2695214105793449     
   25.299999999999997        1.2745591939546594     
   25.399999999999999        1.2795969773299745     
   25.500000000000000        1.2846347607052895     
   25.600000000000001        1.2896725440806045     
   25.700000000000003        1.2947103274559195     
   25.800000000000001        1.2997481108312345     
   25.899999999999999        1.3047858942065491     
   26.000000000000000        1.3098236775818637     
   26.100000000000001        1.3148614609571787     
   26.199999999999999        1.3198992443324933     
   26.299999999999997        1.3249370277078083     
   26.399999999999999        1.3299748110831233     
   26.500000000000000        1.3350125944584383     
   26.600000000000001        1.3400503778337529     
   26.700000000000003        1.3450881612090679     
   26.800000000000001        1.3501259445843830     
   26.899999999999999        1.3551637279596975     
   27.000000000000000        1.3602015113350125     
   27.100000000000001        1.3652392947103276     
   27.199999999999999        1.3702770780856421     
   27.299999999999997        1.3753148614609567     
   27.399999999999999        1.3803526448362717     
   27.500000000000000        1.3853904282115868     
   27.600000000000001        1.3904282115869018     
   27.700000000000003        1.3954659949622168     
   27.800000000000001        1.4005037783375314     
   27.899999999999999        1.4055415617128459     
   28.000000000000000        1.4105793450881610     
   28.100000000000001        1.4156171284634760     
   28.199999999999999        1.4206549118387906     
   28.299999999999997        1.4256926952141056     
   28.399999999999999        1.4307304785894206     
   28.500000000000000        1.4357682619647352     
   28.600000000000001        1.4408060453400502     
   28.700000000000003        1.4458438287153652     
   28.800000000000001        1.4508816120906802     
   28.899999999999999        1.4559193954659948     
   29.000000000000000        1.4609571788413098     
   29.100000000000001        1.4659949622166244     
   29.199999999999999        1.4710327455919390     
   29.299999999999997        1.4760705289672540     
   29.399999999999999        1.4811083123425690     
   29.500000000000000        1.4861460957178840     
   29.600000000000001        1.4911838790931990     
   29.700000000000003        1.4962216624685136     
   29.800000000000001        1.5012594458438286     
   29.899999999999999        1.5062972292191432     
   30.000000000000000        1.5113350125944582     
