test case propagating solitary wave, depth = 10 meter

results of non-hydrostatic model (using finite element model): nonlinear dispersive model applying linear vertical pressure profile

results after 30 seconds

1st column: x coord in meters
2nd column: numerical ssh values in meters
3rd column: analytical ssh values in meters

   1.0000000000000000        2.8404551610090898E-002   4.5320609913197046E-022
   0.0000000000000000        3.0687341040564219E-002   4.2226636384839635E-022
   2.0000000000000000        2.6283600218587697E-002   4.8641280924795805E-022
   3.0000000000000000        2.4327720306212896E-002   5.2205259693910957E-022
   4.0000000000000000        2.2510159654347366E-002   5.6030373540582184E-022
   5.0000000000000000        2.0833726247100729E-002   6.0135756004357526E-022
   6.0000000000000000        1.9275486057313267E-002   6.4541942551862419E-022
   7.0000000000000000        1.7837865557953171E-002   6.9270973296918873E-022
   8.0000000000000000        1.6501225471038862E-002   7.4346503247042684E-022
   9.0000000000000000        1.5267654288749497E-002   7.9793920627766682E-022
   10.000000000000000        1.4120348477285419E-002   8.5640473876673435E-022
   11.000000000000000        1.3061100063987091E-002   9.1915407942356392E-022
   12.000000000000000        1.2075541061977739E-002   9.8650110570101661E-022
   13.000000000000000        1.1165205539844021E-002   1.0587826930601837E-021
   14.000000000000000        1.0317813717506794E-002   1.1363604000495870E-021
   15.000000000000000        9.5346768610737008E-003   1.2196222768513513E-021
   16.000000000000000        8.8053031083417960E-003   1.3089848063406250E-021
   17.000000000000000        8.1308124556796774E-003   1.4048949873678399E-021
   18.000000000000000        7.5022421358801649E-003   1.5078325706842949E-021
   19.000000000000000        6.9205489864155225E-003   1.6183124586956381E-021
   20.000000000000000        6.3780768258174273E-003   1.7368872810467012E-021
   21.000000000000000        5.8756441391320316E-003   1.8641501589213184E-021
   22.000000000000000        5.4067104468295884E-003   2.0007376718840252E-021
   23.000000000000000        4.9719776801157465E-003   2.1473330421044128E-021
   24.000000000000000        4.5658575781512833E-003   2.3046695518914791E-021
   25.000000000000000        4.1889545893623748E-003   2.4735342116332230E-021
   26.000000000000000        3.8364929060055565E-003   2.6547716964883327E-021
   27.000000000000000        3.5089961302610102E-003   2.8492885715221482E-021
   28.000000000000000        3.2023814919020263E-003   3.0580578264208368E-021
   29.000000000000000        2.9171062486391106E-003   3.2821237424673763E-021
   30.000000000000000        2.6496788357046777E-003   3.5226071161237540E-021
   31.000000000000000        2.4005027825030217E-003   3.7807108653488373E-021
   32.000000000000000        2.1665908787536310E-003   4.0577260466944713E-021
   33.000000000000000        1.9483038967127325E-003   4.3550383132785962E-021
   34.000000000000000        1.7430850944425585E-003   4.6741348459378689E-021
   35.000000000000000        1.5512619833655665E-003   5.0166117922309015E-021
   36.000000000000000        1.3706453716894318E-003   5.3841822505016575E-021
   37.000000000000000        1.2015377865997928E-003   5.7786848389409859E-021
   38.000000000000000        1.0420641395199235E-003   6.2020928925084405E-021
   39.000000000000000        8.9250909764850125E-004   6.6565243337189474E-021
   40.000000000000000        7.5126630129989129E-004   7.1442522666686229E-021
   41.000000000000000        6.1860869034326420E-004   7.6677163472913447E-021
   42.000000000000000        4.9316012419188971E-004   8.2295349867222766E-021
   43.000000000000000        3.7518707953226556E-004   8.8325184488090473E-021
   44.000000000000000        2.6351104091249607E-004   9.4796829072871478E-021
   45.000000000000000        1.5839642882207287E-004   1.0174265532932855E-020
   46.000000000000000        5.8834807193064220E-005   1.0919740686162876E-020
   47.000000000000000       -3.4907835391192355E-005   1.1719837296075313E-020
   48.000000000000000       -1.2369310220015643E-004   1.2578557512865657E-020
   49.000000000000000       -2.0725054316590702E-004   1.3500196726916337E-020
   50.000000000000000       -2.8631446745162344E-004   1.4489365054699531E-020
   51.000000000000000       -3.6060784677797796E-004   1.5551010398964792E-020
   52.000000000000000       -4.3075407613133327E-004   1.6690443198563457E-020
   53.000000000000000       -4.9646813481029597E-004   1.7913362991707298E-020
   54.000000000000000       -5.5827621982118851E-004   1.9225886925536506E-020
   55.000000000000000       -6.1588468712100953E-004   2.0634580354600607E-020
   56.000000000000000       -6.6973389286495530E-004   2.2146489681312354E-020
   57.000000000000000       -7.1952173636974641E-004   2.3769177602641108E-020
   58.000000000000000       -7.6561216606712190E-004   2.5510760939357166E-020
   59.000000000000000       -8.0769557944383914E-004   2.7379951237047151E-020
   60.000000000000000       -8.4606727961956116E-004   2.9386098341995423E-020
   61.000000000000000       -8.8041202174474989E-004   3.1539237169896086E-020
   62.000000000000000       -9.1096279090646442E-004   3.3850137901342664E-020
   63.000000000000000       -9.3740145538296542E-004   3.6330359855171166E-020
   64.000000000000000       -9.5990385472920117E-004   3.8992309309140789E-020
   65.000000000000000       -9.7815267930823156E-004   4.1849301557174341E-020
   66.000000000000000       -9.9227084492470525E-004   4.4915627513570672E-020
   67.000000000000000       -1.0019465308264465E-003   4.8206625197356255E-020
   68.000000000000000       -1.0072531689648602E-003   5.1738756454337353E-020
   69.000000000000000       -1.0078901291102171E-003   5.5529689300632903E-020
   70.000000000000000       -1.0038842469904819E-003   5.9598386299566789E-020
   71.000000000000000       -9.9495276356629430E-004   6.3965199413999447E-020
   72.000000000000000       -9.8107833981577017E-004   6.8651971808545890E-020
   73.000000000000000       -9.6200382930692729E-004   7.3682147110916424E-020
   74.000000000000000       -9.3766994645870408E-004   7.9080886678900545E-020
   75.000000000000000       -9.0785380280994886E-004   8.4875195459588038E-020
   76.000000000000000       -8.7245625284730318E-004   9.1094057070369973E-020
   77.000000000000000       -8.3129827808810111E-004   9.7768578777422625E-020
   78.000000000000000       -7.8424305730375994E-004   1.0493214709685129E-019
   79.000000000000000       -7.3116581979894985E-004   1.1262059479684278E-019
   80.000000000000000       -6.7189444710764044E-004   1.2087238013616471E-019
   81.000000000000000       -6.0636945706699498E-004   1.2972877923560021E-019
   82.000000000000000       -5.3438621649814328E-004   1.3923409254455165E-019
   83.000000000000000       -4.5596202760067307E-004   1.4943586643560246E-019
   84.000000000000000       -3.7086300900056622E-004   1.6038513103544401E-019
   85.000000000000000       -2.7919500748275729E-004   1.7213665548184780E-019
   86.000000000000000       -1.8069879241262146E-004   1.8474922188346695E-019
   87.000000000000000       -7.5580413690134467E-005   1.9828591935287169E-019
   88.000000000000000        3.6439971946258809E-005   2.1281445958356166E-019
   89.000000000000000        1.5504483647693651E-004   2.2840751554952592E-019
   90.000000000000000        2.8052910052420193E-004   2.4514308502154533E-019
   91.000000000000000        4.1245331474417161E-004   2.6310488071855800E-019
   92.000000000000000        5.5112086102704089E-004   2.8238274904569746E-019
   93.000000000000000        6.9596120635020357E-004   3.0307311951351552E-019
   94.000000000000000        8.4727857110015461E-004   3.2527948708647882E-019
   95.000000000000000        1.0043639547657216E-003   3.4911292987342453E-019
   96.000000000000000        1.1675136701437495E-003   3.7469266474957445E-019
   97.000000000000000        1.3358752007815266E-003   4.0214664368930095E-019
   98.000000000000000        1.5097270717480754E-003   4.3161219379263145E-019
   99.000000000000000        1.6880711456209990E-003   4.6323670420687081E-019
   100.00000000000000        1.8711572228592220E-003   4.9717836337947557E-019
   101.00000000000000        2.0578428766405833E-003   5.3360695032987793E-019
   102.00000000000000        2.2483372696315966E-003   5.7270468389837683E-019
   103.00000000000000        2.4413591736570407E-003   6.1466713421999504E-019
   104.00000000000000        2.6370643135172644E-003   6.5970420098269225E-019
   105.00000000000000        2.8340428042972700E-003   7.0804116336313480E-019
   106.00000000000000        3.0323835052096927E-003   7.5991980689202466E-019
   107.00000000000000        3.2305631406118990E-003   8.1559963288551833E-019
   108.00000000000000        3.4285899386985292E-003   8.7535915649256658E-019
   109.00000000000000        3.6248481354897071E-003   9.3949729985095218E-019
   110.00000000000000        3.8192515184008900E-003   1.0083348873208843E-018
   111.00000000000000        4.0101185914546544E-003   1.0822162502752428E-018
   112.00000000000000        4.1972553308405646E-003   1.1615109494739763E-018
   113.00000000000000        4.3789472873982114E-003   1.2466156236378876E-018
   114.00000000000000        4.5548801641020990E-003   1.3379559734687716E-018
   115.00000000000000        4.7233453233766374E-003   1.4359888910398874E-018
   116.00000000000000        4.8838972284559077E-003   1.5412047452083673E-018
   117.00000000000000        5.0348774833381838E-003   1.6541298344813074E-018
   118.00000000000000        5.1757004295817782E-003   1.7753290196048662E-018
   119.00000000000000        5.3048075207985665E-003   1.9054085490450748E-018
   120.00000000000000        5.4214668565593181E-003   2.0450190914932983E-018
   121.00000000000000        5.5242736539569464E-003   2.1948589905655823E-018
   122.00000000000000        5.6123471100178275E-003   2.3556777579757479E-018
   123.00000000000000        5.6844933000521191E-003   2.5282798226558221E-018
   124.00000000000000        5.7396839852420327E-003   2.7135285545767406E-018
   125.00000000000000        5.7769949305676556E-003   2.9123505833973321E-018
   126.00000000000000        5.7952566813568689E-003   3.1257404335432613E-018
   127.00000000000000        5.7938735140035643E-003   3.3547654989015889E-018
   128.00000000000000        5.7715463616095477E-003   3.6005713820141435E-018
   129.00000000000000        5.7280647533708004E-003   3.8643876244774837E-018
   130.00000000000000        5.6620173897969093E-003   4.1475338572126548E-018
   131.00000000000000        5.5736314822422972E-003   4.4514264013696996E-018
   132.00000000000000        5.4614070535993582E-003   4.7775853528843376E-018
   133.00000000000000        5.3260545904492184E-003   5.1276421861252801E-018
   134.00000000000000        5.1660152102201646E-003   5.5033479146652900E-018
   135.00000000000000        4.9825188719659673E-003   5.9065818499978764E-018
   136.00000000000000        4.7739837941669378E-003   6.3393610020103459E-018
   137.00000000000000        4.5421836124467643E-003   6.8038501682363595E-018
   138.00000000000000        4.2855553890471772E-003   7.3023727623540190E-018
   139.00000000000000        4.0064260894059484E-003   7.8374224360958604E-018
   140.00000000000000        3.7032986220348588E-003   8.4116755527031639E-018
   141.00000000000000        3.3790460887327075E-003   9.0280045743189712E-018
   142.00000000000000        3.0322883839474044E-003   9.6894924302843055E-018
   143.00000000000000        2.6664187875177622E-003   1.0399447938208263E-017
   144.00000000000000        2.2802282762879192E-003   1.1161422354951115E-017
   145.00000000000000        1.8775839549521529E-003   1.1979227140307724E-017
   146.00000000000000        1.4575034031229807E-003   1.2856953022248987E-017
   147.00000000000000        1.0242599731814597E-003   1.3798990459084817E-017
   148.00000000000000        5.7715278772217801E-004   1.4810051600904711E-017
   149.00000000000000        1.2077242945041121E-004   1.5895193860146025E-017
   150.00000000000000       -3.4524803856684062E-004   1.7059845209195047E-017
   151.00000000000000       -8.1611070828392185E-004   1.8309831331558192E-017
   152.00000000000000       -1.2918010936823802E-003   1.9651404762419349E-017
   153.00000000000000       -1.7674432197177176E-003   2.1091276164343066E-017
   154.00000000000000       -2.2426010436166596E-003   2.2636647894571334E-017
   155.00000000000000       -2.7124666050894184E-003   2.4295250031816067E-017
   156.00000000000000       -3.1761519530241439E-003   2.6075379042760885E-017
   157.00000000000000       -3.6290767192673034E-003   2.7985939281680415E-017
   158.00000000000000       -4.0698829087579130E-003   3.0036487530766926E-017
   159.00000000000000       -4.4943862315868083E-003   3.2237280803953020E-017
   160.00000000000000       -4.9007549616704423E-003   3.4599327653355277E-017
   161.00000000000000       -5.2853730242519870E-003   3.7134443234971407E-017
   162.00000000000000       -5.6459476608722650E-003   3.9855308409081116E-017
   163.00000000000000       -5.9796005005411795E-003   4.2775533170968360E-017
   164.00000000000000       -6.2836084235422269E-003   4.5909724729258787E-017
   165.00000000000000       -6.5559906609166082E-003   4.9273560572397674E-017
   166.00000000000000       -6.7936433923882966E-003   5.2883866888759807E-017
   167.00000000000000       -6.9956262785986047E-003   5.6758702732652876E-017
   168.00000000000000       -7.1585238129479763E-003   6.0917450357215831E-017
   169.00000000000000       -7.2825540332171384E-003   6.5380912166073981E-017
   170.00000000000000       -7.3640777526621497E-003   7.0171414768699419E-017
   171.00000000000000       -7.4045566609200492E-003   7.5312920659983579E-017
   172.00000000000000       -7.4002336698616687E-003   8.0831148082637777E-017
   173.00000000000000       -7.3538592551255708E-003   8.6753699671999836E-017
   174.00000000000000       -7.2616797219410851E-003   9.3110200526721058E-017
   175.00000000000000       -7.1277326168451222E-003   9.9932446395993780E-017
   176.00000000000000       -6.9484013193817891E-003   1.0725456272454432E-016
   177.00000000000000       -6.7289564186219057E-003   1.1511317535096849E-016
   178.00000000000000       -6.4660601846524947E-003   1.2354759371323543E-016
   179.00000000000000       -6.1661060215931944E-003   1.3260000747779196E-016
   180.00000000000000       -5.8261798798215168E-003   1.4231569757579782E-016
   181.00000000000000       -5.4536299893749966E-003   1.5274326270213991E-016
   182.00000000000000       -5.0461076113831457E-003   1.6393486241016284E-016
   183.00000000000000       -4.6116911047933149E-003   1.7594647801812803E-016
   184.00000000000000       -4.1487286868114740E-003   1.8883819263244305E-016
   185.00000000000000       -3.6657515776098342E-003   2.0267449168839769E-016
   186.00000000000000       -3.1619193056124364E-003   2.1752458551169654E-016
   187.00000000000000       -2.6458936373644510E-003   2.3346275551431137E-016
   188.00000000000000       -2.1177349717790574E-003   2.5056872575630750E-016
   189.00000000000000       -1.5858793765249793E-003   2.6892806173227634E-016
   190.00000000000000       -1.0513456233382965E-003   2.8863259837708814E-016
   191.00000000000000       -5.2196839914863313E-004   3.0978089943192515E-016
   192.00000000000000        2.5621003113398351E-007   3.3247875046837025E-016
   193.00000000000000        5.0847250862155865E-004   3.5683968803667263E-016
   194.00000000000000        9.9973187087447888E-004   3.8298556758509141E-016
   195.00000000000000        1.4685170585074460E-003   4.1104717299102495E-016
   196.00000000000000        1.9109990228990325E-003   4.4116487075293112E-016
   197.00000000000000        2.3233189594009541E-003   4.7348931211527515E-016
   198.00000000000000        2.7008877557160894E-003   5.0818218663868686E-016
   199.00000000000000        3.0417639490929729E-003   5.4541703098464508E-016
   200.00000000000000        3.3407654601717430E-003   5.8538009696040952E-016
   201.00000000000000        3.5980456949027684E-003   6.2827128316611535E-016
   202.00000000000000        3.8080387071580089E-003   6.7430513490433217E-016
   203.00000000000000        3.9730716156872242E-003   7.2371191735358478E-016
   204.00000000000000        4.0874378028390211E-003   7.7673876737408301E-016
   205.00000000000000        4.1556054056330885E-003   8.3365092970693657E-016
   206.00000000000000        4.1719936297152553E-003   8.9473308375058857E-016
   207.00000000000000        4.1430605057823210E-003   9.6029076755094437E-016
   208.00000000000000        4.0636272732276334E-003   1.0306519061282915E-015
   209.00000000000000        3.9418725860519942E-003   1.1061684517856406E-015
   210.00000000000000        3.7732901660766480E-003   1.1872181446036545E-015
   211.00000000000000        3.5673999282453419E-003   1.2742064019280781E-015
   212.00000000000000        3.3206162063594553E-003   1.3675683463012941E-015
   213.00000000000000        3.0433266868600825E-003   1.4677709819816208E-015
   214.00000000000000        2.7330755151692512E-003   1.5753155309377668E-015
   215.00000000000000        2.4005741892779899E-003   1.6907399400029795E-015
   216.00000000000000        2.0446515506723313E-003   1.8146215717302090E-015
   217.00000000000000        1.6757583454418122E-003   1.9475800924078314E-015
   218.00000000000000        1.2940956581765416E-003   2.0902805716823090E-015
   219.00000000000000        9.0926319622633639E-004   2.2434368092922602E-015
   220.00000000000000        5.2284512025253110E-004   2.4078149055543833E-015
   221.00000000000000        1.4303138010293961E-004   2.5842370934614705E-015
   222.00000000000000       -2.2728163411386563E-004   2.7735858515605090E-015
   223.00000000000000       -5.8180316536104342E-004   2.9768083181843623E-015
   224.00000000000000       -9.1647678913013314E-004   3.1949210291168210E-015
   225.00000000000000       -1.2272960549413387E-003   3.4290150023898095E-015
   226.00000000000000       -1.5092720991107728E-003   3.6802611956467131E-015
   227.00000000000000       -1.7609335369665757E-003   3.9499163633706843E-015
   228.00000000000000       -1.9766505750781339E-003   4.2393293432755267E-015
   229.00000000000000       -2.1575809256507501E-003   4.5499478033050275E-015
   230.00000000000000       -2.2977926212436246E-003   4.8833254829889289E-015
   231.00000000000000       -2.4009970358653552E-003   5.2411299653783164E-015
   232.00000000000000       -2.4613251240350833E-003   5.6251510184353174E-015
   233.00000000000000       -2.4847957261447066E-003   6.0373095476025093E-015
   234.00000000000000       -2.4659700183593458E-003   6.4796672043323708E-015
   235.00000000000000       -2.4127681980330722E-003   6.9544366986406996E-015
   236.00000000000000       -2.3205257671698493E-003   7.4639928672669231E-015
   237.00000000000000       -2.1985215469047760E-003   8.0108845528065688E-015
   238.00000000000000       -2.0431609996193773E-003   8.5978473532348128E-015
   239.00000000000000       -1.8644369825374096E-003   9.2278173055969088E-015
   240.00000000000000       -1.6600492181731287E-003   9.9039455723107001E-015
   241.00000000000000       -1.4400027547508952E-003   1.0629614203545232E-014
   242.00000000000000       -1.2034259356029874E-003   1.1408453054518254E-014
   243.00000000000000       -9.5962827146649720E-004   1.2244357942335938E-014
   244.00000000000000       -7.0919867026364122E-004   1.3141510133196328E-014
   245.00000000000000       -4.6009211542314912E-004   1.4104397257432150E-014
   246.00000000000000       -2.1428264126118347E-004   1.5137835757013976E-014
   247.00000000000000        2.2186184369882053E-005   1.6246994977795258E-014
   248.00000000000000        2.4613434932540959E-004   1.7437423027013651E-014
   249.00000000000000        4.5383738909842011E-004   1.8715074525386836E-014
   250.00000000000000        6.4117975443468331E-004   2.0086340392624544E-014
   251.00000000000000        8.0697801363359173E-004   2.1558079815342761E-014
   252.00000000000000        9.4652221002784309E-004   2.3137654557290246E-014
   253.00000000000000        1.0611847827169693E-003   2.4832965783505625E-014
   254.00000000000000        1.1460454918296263E-003   2.6652493582607426E-014
   255.00000000000000        1.2048367892265167E-003   2.8605339384905522E-014
   256.00000000000000        1.2328232019391226E-003   3.0701271488518691E-014
   257.00000000000000        1.2357062890786252E-003   3.2950773921217623E-014
   258.00000000000000        1.2093072164637473E-003   3.5365098882410800E-014
   259.00000000000000        1.1607449963655534E-003   3.7956323027585755E-014
   260.00000000000000        1.0867134847586256E-003   4.0737407876752346E-014
   261.00000000000000        9.9508699720829820E-004   4.3722264649048327E-014
   262.00000000000000        8.8366445267987984E-004   4.6925823847823912E-014
   263.00000000000000        7.6036438979991178E-004   5.0364109944266426E-014
   264.00000000000000        6.2421915603999827E-004   5.4054321533148770E-014
   265.00000000000000        4.8249848027602326E-004   5.8014917361636863E-014
   266.00000000000000        3.3548224416566285E-004   6.2265708661490577E-014
   267.00000000000000        1.8918185973936782E-004   6.6827958246500106E-014
   268.00000000000000        4.5025404520996232E-005   7.1724486870860872E-014
   269.00000000000000       -9.2703016888210106E-005   7.6979787380497311E-014
   270.00000000000000       -2.2162766489876794E-004   8.2620147228324175E-014
   271.00000000000000       -3.3947782060095842E-004   8.8673779966290071E-014
   272.00000000000000       -4.4320948475171432E-004   9.5170966371920606E-014
   273.00000000000000       -5.3264534687534474E-004   1.0214420591530606E-013
   274.00000000000000       -6.0440142225394607E-004   1.0962837932416691E-013
   275.00000000000000       -6.6026646857550377E-004   1.1766092306017430E-013
   276.00000000000000       -6.9685891474104828E-004   1.2628201657926365E-013
   277.00000000000000       -7.1761955109837252E-004   1.3553478331263563E-013
   278.00000000000000       -7.1949066428771656E-004   1.4546550637376750E-013
   279.00000000000000       -7.0710438481846600E-004   1.5612386007041982E-013
   280.00000000000000       -6.7799520044013631E-004   1.6756315837968105E-013
   281.00000000000000       -6.3743423789409481E-004   1.7984062162894010E-013
   282.00000000000000       -5.8373841065298328E-004   1.9301766271675571E-013
   283.00000000000000       -5.2223694482955263E-004   2.0716019430531164E-013
   284.00000000000000       -4.5212559377404225E-004   2.2233895852106912E-013
   285.00000000000000       -3.7824631610528230E-004   2.3862988081280339E-013
   286.00000000000000       -3.0067192805219620E-004   2.5611444973705138E-013
   287.00000000000000       -2.2330451457739468E-004   2.7488012457069115E-013
   288.00000000000000       -1.4700069742901007E-004   2.9502077278956336E-013
   289.00000000000000       -7.4406779902041391E-005   3.1663713960143989E-013
   290.00000000000000       -6.9953317574955885E-006   3.3983735188198420E-013
   291.00000000000000        5.3996779587849390E-005   3.6473745903443056E-013
   292.00000000000000        1.0669916949975180E-004   3.9146201347841091E-013
   293.00000000000000        1.5127074229594588E-004   4.2014469367158101E-013
   294.00000000000000        1.8568320540575392E-004   4.5092897278044999E-013
   295.00000000000000        2.1132551345820163E-004   4.8396883634516685E-013
   296.00000000000000        2.2624430158217469E-004   5.1942955252807749E-013
   297.00000000000000        2.3277305561042591E-004   5.5748849879890217E-013
   298.00000000000000        2.2923349181138230E-004   5.9833604919168237E-013
   299.00000000000000        2.1854255758738833E-004   6.4217652657162944E-013
   300.00000000000000        1.9944506849749319E-004   6.8922922467519473E-013
   301.00000000000000        1.7505404221194055E-004   7.3972950503568931E-013
   302.00000000000000        1.4462211464582846E-004   7.9392997428136919E-013
   303.00000000000000        1.1109237138003537E-004   8.5210174769492821E-013
   304.00000000000000        7.4243996746057409E-005   9.1453580535482868E-013
   305.00000000000000        3.6545677007154062E-005   9.8154444764200314E-013
   306.00000000000000       -1.7385596921760516E-006   1.0534628573924983E-012
   307.00000000000000       -3.8829591777683047E-005   1.1306507765100528E-012
   308.00000000000000       -7.4068731776986971E-005   1.2134943054252260E-012
   309.00000000000000       -1.0647821744145675E-004   1.3024078344020459E-012
   310.00000000000000       -1.3512739804977353E-004   1.3978361163527894E-012
   311.00000000000000       -1.5984866700297337E-004   1.5002564915292692E-012
   312.00000000000000       -1.7957702619481313E-004   1.6101812752187126E-012
   313.00000000000000       -1.9487276624443635E-004   1.7281603203877037E-012
   314.00000000000000       -2.0467222237656539E-004   1.8547837680927326E-012
   315.00000000000000       -2.1011096078711459E-004   1.9906849994151423E-012
   316.00000000000000       -2.1024609809932343E-004   2.1365438036862988E-012
   317.00000000000000       -2.0659073511257711E-004   2.2930897788507169E-012
   318.00000000000000       -1.9841520208228628E-004   2.4611059809760232E-012
   319.00000000000000       -1.8739364528230854E-004   2.6414328411649408E-012
   320.00000000000000       -1.7306837415602367E-004   2.8349723694619892E-012
   321.00000000000000       -1.5706398997123176E-004   3.0426926667832076E-012
   322.00000000000000       -1.3921706879473038E-004   3.2656327674379472E-012
   323.00000000000000       -1.2091896255841721E-004   3.5049078364654364E-012
   324.00000000000000       -1.0228736283342198E-004   3.7617147477836233E-012
   325.00000000000000       -8.4340089474430830E-005   4.0373380710526670E-012
   326.00000000000000       -6.7431323732328297E-005   4.3331564971998742E-012
   327.00000000000000       -5.2119854891296893E-005   4.6506497347470795E-012
   328.00000000000000       -3.8927297291640194E-005   4.9914059114365063E-012
   329.00000000000000       -2.7928574130194860E-005   5.3571295181786215E-012
   330.00000000000000       -1.9728429579526703E-005   5.7496499350582975E-012
   331.00000000000000       -1.3953977867672708E-005   6.1709305820471101E-012
   332.00000000000000       -1.1204259855965016E-005   6.6230787401942518E-012
   333.00000000000000       -1.0749182392691601E-005   7.1083560924227909E-012
   334.00000000000000       -1.3100421700429045E-005   7.6291900366568511E-012
   335.00000000000000       -1.7303262846346427E-005   8.1881858278691439E-012
   336.00000000000000       -2.3718126134233723E-005   8.7881396097843785E-012
   337.00000000000000       -3.1321641963166383E-005   9.4320524014241422E-012
   338.00000000000000       -4.0285598728948329E-005   1.0123145108455171E-011
   339.00000000000000       -4.9674813230577496E-005   1.0864874634429031E-011
   340.00000000000000       -5.9466141972391772E-005   1.1660951172502941E-011
   341.00000000000000       -6.8946581617398923E-005   1.2515356764136435E-011
   342.00000000000000       -7.7922822149215491E-005   1.3432365217595945E-011
   343.00000000000000       -8.5994491553542611E-005   1.4416563485901395E-011
   344.00000000000000       -9.2848342602561476E-005   1.5472874611149023E-011
   345.00000000000000       -9.8429767929423856E-005   1.6606582349979945E-011
   346.00000000000000       -1.0237152968859346E-004   1.7823357603372980E-011
   347.00000000000000       -1.0493710130204828E-004   1.9129286782965919E-011
   348.00000000000000       -1.0577419064705712E-004   2.0530902255795814E-011
   349.00000000000000       -1.0538352289949857E-004   2.2035215019745557E-011
   350.00000000000000       -1.0348713329325390E-004   2.3649749773141964E-011
   351.00000000000000       -1.0070698871593373E-004   2.5382582553926446E-011
   352.00000000000000       -9.6878808098063146E-005   2.7242381136672664E-011
   353.00000000000000       -9.2618859923698641E-005   2.9238448389520142E-011
   354.00000000000000       -8.7890298645725690E-005   3.1380768807899294E-011
   355.00000000000000       -8.3191143626235359E-005   3.3680058457813012E-011
   356.00000000000000       -7.8599948694723959E-005   3.6147818578495489E-011
   357.00000000000000       -7.4419339044460482E-005   3.8796393112573501E-011
   358.00000000000000       -7.0810481427397576E-005   4.1639030451499729E-011
   359.00000000000000       -6.7850839057997462E-005   4.4689949705116354E-011
   360.00000000000000       -6.5739824193374900E-005   4.7964411826831667E-011
   361.00000000000000       -6.4348403429116924E-005   5.1478795950186255E-011
   362.00000000000000       -6.3868540964187758E-005   5.5250681318649548E-011
   363.00000000000000       -6.4022560003202099E-005   5.9298935218466688E-011
   364.00000000000000       -6.4957739879270218E-005   6.3643807354403058E-011
   365.00000000000000       -6.6327806984619065E-005   6.8307031140462073E-011
   366.00000000000000       -6.8213148452899759E-005   7.3311932412240561E-011
   367.00000000000000       -7.0281527185136827E-005   7.8683546104710388E-011
   368.00000000000000       -7.2541986036580276E-005   8.4448741479058001E-011
   369.00000000000000       -7.4743295868198321E-005   9.0636356524977323E-011
   370.00000000000000       -7.6834700905806759E-005   9.7277342210707139E-011
   371.00000000000000       -7.8685039292455760E-005   1.0440491730236442E-010
   372.00000000000000       -8.0206546883228682E-005   1.1205473452699187E-010
   373.00000000000000       -8.1394428982386303E-005   1.2026505891048204E-010
   374.00000000000000       -8.2150946302486476E-005   1.2907695918243881E-010
   375.00000000000000       -8.2574701988450671E-005   1.3853451320539913E-010
   376.00000000000000       -8.2582460095686637E-005   1.4868502845599009E-010
   377.00000000000000       -8.2333607126554244E-005   1.5957927866088525E-010
   378.00000000000000       -8.1776015706375326E-005   1.7127175777123404E-010
   379.00000000000000       -8.1080446653652055E-005   1.8382095254596552E-010
   380.00000000000000       -8.0232026246357423E-005   1.9728963510745004E-010
   381.00000000000000       -7.9369741857935493E-005   2.1174517693290820E-010
   382.00000000000000       -7.8511928439652464E-005   2.2725988585217757E-010
   383.00000000000000       -7.7738287733816408E-005   2.4391136773752541E-010
   384.00000000000000       -7.7089132455584485E-005   2.6178291469471897E-010
   385.00000000000000       -7.6577313570785950E-005   2.8096392169710575E-010
   386.00000000000000       -7.6250819117867254E-005   3.0155033374675075E-010
   387.00000000000000       -7.6066520835493305E-005   3.2364512579936404E-010
   388.00000000000000       -7.6067035760267715E-005   3.4735881785364606E-010
   389.00000000000000       -7.6176313415724238E-005   3.7281002778156830E-010
   390.00000000000000       -7.6422866887577545E-005   4.0012606466489351E-010
   391.00000000000000       -7.6724639964521229E-005   4.2944356560585461E-010
   392.00000000000000       -7.7092830079701779E-005   4.6090917919737247E-010
   393.00000000000000       -7.7461951251839027E-005   4.9468029907158787E-010
   394.00000000000000       -7.7827751831321726E-005   5.3092585119597730E-010
   395.00000000000000       -7.8154352581354247E-005   5.6982713885517641E-010
   396.00000000000000       -7.8427240672332432E-005   6.1157874954517803E-010
   397.00000000000000       -7.8641855771510589E-005   6.5638952831626778E-010
   398.00000000000000       -7.8779997828425896E-005   7.0448362243343718E-010
   399.00000000000000       -7.8861013605701028E-005   7.5610160257975599E-010
   400.00000000000000       -7.8869205394118725E-005   8.1150166621105643E-010
   401.00000000000000       -7.8835472218416767E-005   8.7096092908120527E-010
   402.00000000000000       -7.8751272520649431E-005   9.3477681139828907E-010
   403.00000000000000       -7.8646606053207625E-005   1.0032685255453752E-009
   404.00000000000000       -7.8522579670036287E-005   1.0767786728075558E-009
   405.00000000000000       -7.8399177008602199E-005   1.1556749570922337E-009
   406.00000000000000       -7.8287175035528394E-005   1.2403520242148263E-009
   407.00000000000000       -7.8192658297266443E-005   1.3312334359501448E-009
   408.00000000000000       -7.8133291635559905E-005   1.4287737887238261E-009
   409.00000000000000       -7.8102152006648458E-005   1.5334609875416571E-009
   410.00000000000000       -7.8118655552552495E-005   1.6458186865312499E-009
   411.00000000000000       -7.8167127777277500E-005   1.7664089083037659E-009
   412.00000000000000       -7.8262047577212735E-005   1.8958348552380261E-009
   413.00000000000000       -7.8384789568278841E-005   2.0347439267492529E-009
   414.00000000000000       -7.8538498900877220E-005   2.1838309576350869E-009
   415.00000000000000       -7.8707199655245465E-005   2.3438416936973459E-009
   416.00000000000000       -7.8879154223750891E-005   2.5155765220248818E-009
   417.00000000000000       -7.9045359442823582E-005   2.6998944745967259E-009
   418.00000000000000       -7.9180434828448053E-005   2.8977175252318631E-009
   419.00000000000000       -7.9284593775878626E-005   3.1100352013793591E-009
   420.00000000000000       -7.9325965441973427E-005   3.3379095338173772E-009
   421.00000000000000       -7.9313730596622078E-005   3.5824803690199093E-009
   422.00000000000000       -7.9221150215939072E-005   3.8449710707641100E-009
   423.00000000000000       -7.9063400474465776E-005   4.1266946394981528E-009
   424.00000000000000       -7.8831904565099058E-005   4.4290602800791951E-009
   425.00000000000000       -7.8542508987751924E-005   4.7535804507338434E-009
   426.00000000000000       -7.8214346193788135E-005   5.1018784285005511E-009
   427.00000000000000       -7.7857327503862093E-005   5.4756964289969807E-009
   428.00000000000000       -7.7520397437489877E-005   5.8769043211280742E-009
   429.00000000000000       -7.7201279718791419E-005   6.3075089803264603E-009
   430.00000000000000       -7.6970864073098435E-005   6.7696643271109861E-009
   431.00000000000000       -7.6811014530816810E-005   7.2656821011769903E-009
   432.00000000000000       -7.6797913126079785E-005   7.7980434249112476E-009
   433.00000000000000       -7.6898043184194699E-005   8.3694112141732442E-009
   434.00000000000000       -7.7171615824371325E-005   8.9826434984225837E-009
   435.00000000000000       -7.7574973154162708E-005   9.6408077168206715E-009
   436.00000000000000       -7.8132782573108437E-005   1.0347196061817465E-008
   437.00000000000000       -7.8800568802203422E-005   1.1105341946972582E-008
   438.00000000000000       -7.9555755428342581E-005   1.1919037681384536E-008
   439.00000000000000       -8.0363943452541395E-005   1.2792353439136985E-008
   440.00000000000000       -8.1155663988571650E-005   1.3729657618648697E-008
   441.00000000000000       -8.1916220802521130E-005   1.4735638693766330E-008
   442.00000000000000       -8.2542228839833988E-005   1.5815328665901101E-008
   443.00000000000000       -8.3044038805311110E-005   1.6974128234518765E-008
   444.00000000000000       -8.3306981869259080E-005   1.8217833811887788E-008
   445.00000000000000       -8.3365896508763696E-005   1.9552666517215717E-008
   446.00000000000000       -8.3121679192323862E-005   2.0985303295204726E-008
   447.00000000000000       -8.2627032758339491E-005   2.2522910314683960E-008
   448.00000000000000       -8.1823563153996600E-005   2.4173178814381301E-008
   449.00000000000000       -8.0770409135909723E-005   2.5944363575138134E-008
   450.00000000000000       -7.9468293602961434E-005   2.7845324211007914E-008
   451.00000000000000       -7.7969080237140999E-005   2.9885569485780567E-008
   452.00000000000000       -7.6341311015997414E-005   3.2075304876606784E-008
   453.00000000000000       -7.4616005075317938E-005   3.4425483622639981E-008
   454.00000000000000       -7.2927603299849912E-005   3.6947861514044840E-008
   455.00000000000000       -7.1275195905533709E-005   3.9655055695431713E-008
   456.00000000000000       -6.9847111020932503E-005   4.2560607777856193E-008
   457.00000000000000       -6.8603551154241177E-005   4.5679051575075207E-008
   458.00000000000000       -6.7765855577212158E-005   4.9025985802881603E-008
   459.00000000000000       -6.7253533420331548E-005   5.2618152105165338E-008
   460.00000000000000       -6.7293178523471716E-005   5.6473518796992628E-008
   461.00000000000000       -6.7767400972904514E-005   6.0611370743594996E-008
   462.00000000000000       -6.8875575080489692E-005   6.5052405824846646E-008
   463.00000000000000       -7.0473016599909640E-005   6.9818838467755263E-008
   464.00000000000000       -7.2697828794209517E-005   7.4934510764842798E-008
   465.00000000000000       -7.5393060460736056E-005   8.0425011734239109E-008
   466.00000000000000       -7.8604089761421964E-005   8.6317805318035950E-008
   467.00000000000000       -8.2181239142797136E-005   9.2642367759159577E-008
   468.00000000000000       -8.6053298271426720E-005   9.9430335043930287E-008
   469.00000000000000       -9.0100130216364419E-005   1.0671566114782823E-007
   470.00000000000000       -9.4123184211681614E-005   1.1453478787602185E-007
   471.00000000000000       -9.8054078496129905E-005   1.2292682714821375E-007
   472.00000000000000       -1.0157404211365909E-004   1.3193375663960552E-007
   473.00000000000000       -1.0468533248989120E-004   1.4160062975659225E-007
   474.00000000000000       -1.0697685317193399E-004   1.5197580099749816E-007
   475.00000000000000       -1.0853316525137523E-004   1.6311116782562478E-007
   476.00000000000000       -1.0889975840445161E-004   1.7506243026447564E-007
   477.00000000000000       -1.0824460393991982E-004   1.8788936951367097E-007
   478.00000000000000       -1.0613640076716464E-004   2.0165614697920626E-007
   479.00000000000000       -1.0281429920790675E-004   2.1643162521382378E-007
   480.00000000000000       -9.7947877919312933E-005   2.3228971237286002E-007
   481.00000000000000       -9.1821279802075973E-005   2.4930973190855854E-007
   482.00000000000000       -8.4283723919066368E-005   2.6757681935207964E-007
   483.00000000000000       -7.5625021515930620E-005   2.8718234816793530E-007
   484.00000000000000       -6.5942461321235525E-005   3.0822438681099314E-007
   485.00000000000000       -5.5482527110104183E-005   3.3080818927227697E-007
   486.00000000000000       -4.4636226429141547E-005   3.5504672156728953E-007
   487.00000000000000       -3.3553311266201116E-005   3.8106122680039605E-007
   488.00000000000000       -2.2930517663935402E-005   4.0898183163172117E-007
   489.00000000000000       -1.2770099806942867E-005   4.3894819718015202E-007
   490.00000000000000       -4.0446375158179069E-006   4.7111021761828104E-007
   491.00000000000000        3.4314791722439149E-006   5.0562876995368767E-007
   492.00000000000000        8.4851024837752241E-006   5.4267651874698952E-007
   493.00000000000000        1.1511790573762837E-005   5.8243877979188378E-007
   494.00000000000000        1.1256366587424357E-005   6.2511444707733279E-007
   495.00000000000000        8.3216178720162602E-006   6.7091698766857084E-007
   496.00000000000000        1.5234260095482744E-006   7.2007550948334907E-007
   497.00000000000000       -8.3601555973776181E-006   7.7283590730444244E-007
   498.00000000000000       -2.2269760730564147E-005   8.2946209276078274E-007
   499.00000000000000       -3.9314104715721449E-005   8.9023731442958050E-007
   500.00000000000000       -6.0019108276659024E-005   9.5546557466258014E-007
   501.00000000000000       -8.3469611647176223E-005   1.0254731502233956E-006
   502.00000000000000       -1.0963077074365467E-004   1.1006102243421197E-006
   503.00000000000000       -1.3767282355273941E-004   1.1812526383507065E-006
   504.00000000000000       -1.6690397201294833E-004   1.2678037716607386E-006
   505.00000000000000       -1.9669771357730927E-004   1.3606965594871395E-006
   506.00000000000000       -2.2568079786094660E-004   1.4603956584103986E-006
   507.00000000000000       -2.5354215241757980E-004   1.5673997706092857E-006
   508.00000000000000       -2.7828969950327332E-004   1.6822441383897027E-006
   509.00000000000000       -3.0001821194023911E-004   1.8055032214871020E-006
   510.00000000000000       -3.1627249701191853E-004   1.9377935705340560E-006
   511.00000000000000       -3.2760635191167231E-004   2.0797769110657528E-006
   512.00000000000000       -3.3134460917759847E-004   2.2321634534892152E-006
   513.00000000000000       -3.2850295721432331E-004   2.3957154455722481E-006
   514.00000000000000       -3.1649865534032196E-004   2.5712509852210894E-006
   515.00000000000000       -2.9675346051692919E-004   2.7596481126176165E-006
   516.00000000000000       -2.6712909496082768E-004   2.9618492021841739E-006
   517.00000000000000       -2.2933699579974704E-004   3.1788656763436935E-006
   518.00000000000000       -1.8203624421974634E-004   3.4117830646521689E-006
   519.00000000000000       -1.2705646984443602E-004   3.6617664336080514E-006
   520.00000000000000       -6.4164471843139949E-005   3.9300662142967761E-006
   521.00000000000000        4.9054501424136423E-006   4.2180244570185807E-006
   522.00000000000000        7.9054234997315463E-005   4.5270815441830694E-006
   523.00000000000000        1.5687871623965867E-004   4.8587833950459236E-006
   524.00000000000000        2.3584624741358927E-004   5.2147891983229182E-006
   525.00000000000000        3.1511811717453052E-004   5.5968797113563412E-006
   526.00000000000000        3.9077641447968789E-004   6.0069661673422640E-006
   527.00000000000000        4.6275075999245032E-004   6.4470998351679268E-006
   528.00000000000000        5.2594717212059623E-004   6.9194822796721285E-006
   529.00000000000000        5.8121172942785806E-004   7.4264763736441369E-006
   530.00000000000000        6.2263790654983173E-004   7.9706181166357783E-006
   531.00000000000000        6.5205827102035499E-004   8.5546293196958185E-006
   532.00000000000000        6.6324705612673472E-004   9.1814312194659314E-006
   533.00000000000000        6.5899958387430596E-004   9.8541590897242764E-006
   534.00000000000000        6.3335265892008397E-004   1.0576177923450385E-005
   535.00000000000000        5.8994037605858245E-004   1.1351099263837615E-005
   536.00000000000000        5.2367876468193851E-004   1.2182799268423928E-005
   537.00000000000000        4.3881977770240970E-004   1.3075438096677104E-005
   538.00000000000000        3.3174907025282905E-004   1.4033480717987023E-005
   539.00000000000000        2.0703266938993054E-004   1.5061719244118884E-005
   540.00000000000000        6.3028047085285575E-005   1.6165296897802095E-005
   541.00000000000000       -9.5748385774702526E-005   1.7349733737308599E-005
   542.00000000000000       -2.6860963886996561E-004   1.8620954265652027E-005
   543.00000000000000       -4.5148198768525693E-004   1.9985317062459051E-005
   544.00000000000000       -6.4118024724406776E-004   2.1449646586674607E-005
   545.00000000000000       -8.3446132749407905E-004   2.3021267309111283E-005
   546.00000000000000       -1.0256901781326030E-003   2.4708040345497682E-005
   547.00000000000000       -1.2128012282234808E-003   2.6518402773175627E-005
   548.00000000000000       -1.3879836038110578E-003   2.8461409828006452E-005
   549.00000000000000       -1.5506215635248746E-003   3.0546780192437126E-005
   550.00000000000000       -1.6912164253276660E-003   3.2784944601121297E-005
   551.00000000000000       -1.8107718079579845E-003   3.5187098007063416E-005
   552.00000000000000       -1.8987720253748701E-003   3.7765255569039871E-005
   553.00000000000000       -1.9578866556151072E-003   4.0532312740137021E-005
   554.00000000000000       -1.9773890990279559E-003   4.3502109757728003E-005
   555.00000000000000       -1.9615279228356467E-003   4.6689500857188771E-005
   556.00000000000000       -1.9002470792534678E-003   5.0110428555239310E-005
   557.00000000000000       -1.7991537411428901E-003   5.3782003374105887E-005
   558.00000000000000       -1.6497522885542740E-003   5.7722589404856844E-005
   559.00000000000000       -1.4586652776040268E-003   6.1951896137408139E-005
   560.00000000000000       -1.2197870206264374E-003   6.6491077015964621E-005
   561.00000000000000       -9.4030987657843024E-004   7.1362835212217271E-005
   562.00000000000000       -6.1722217349598522E-004   7.6591537144619080E-005
   563.00000000000000       -2.5776667179935680E-004   8.2203334310694171E-005
   564.00000000000000        1.3745212957961189E-004   8.8226294040782044E-005
   565.00000000000000        5.6169985590549863E-004   9.4690539826092359E-005
   566.00000000000000        1.0104592807294325E-003   1.0162840192165906E-004
   567.00000000000000        1.4780647807995690E-003   1.0907457897597440E-004
   568.00000000000000        1.9560432804474831E-003   1.1706631149400597E-004
   569.00000000000000        2.4403216273904860E-003   1.2564356799921785E-004
   570.00000000000000        2.9186911090345047E-003   1.3484924482343202E-004
   571.00000000000000        3.3891222235898845E-003   1.4472938052116638E-004
   572.00000000000000        3.8361453789076743E-003   1.5533338597783320E-004
   573.00000000000000        4.2601224577713832E-003   1.6671429135920100E-004
   574.00000000000000        4.6430255800059524E-003   1.7892901113321941E-004
   575.00000000000000        4.9878286615514357E-003   1.9203862848506985E-004
   576.00000000000000        5.2748330153733116E-003   2.0610870054258720E-004
   577.00000000000000        5.5097033831529446E-003   2.2120958593244944E-004
   578.00000000000000        5.6720868559926091E-003   2.3741679629827071E-004
   579.00000000000000        5.7702709922211517E-003   2.5481137353047459E-004
   580.00000000000000        5.7843298255545435E-003   2.7348029458516100E-004
   581.00000000000000        5.7249637718021973E-003   2.9351690590569861E-004
   582.00000000000000        5.5737513333502737E-003   3.1502138960715390E-004
   583.00000000000000        5.3434680197914650E-003   3.3810126374059322E-004
   584.00000000000000        5.0182037336298857E-003   3.6287191912249276E-004
   585.00000000000000        4.6123654963408749E-003   3.8945719539481449E-004
   586.00000000000000        4.1134304899059651E-003   4.1798999917453197E-004
   587.00000000000000        3.5369155047491625E-003   4.4861296735848512E-004
   588.00000000000000        2.8743802256925534E-003   4.8147917887134091E-004
   589.00000000000000        2.1418824023038689E-003   5.1675291838218062E-004
   590.00000000000000        1.3355431553995485E-003   5.5461049576991468E-004
   591.00000000000000        4.7137732862044491E-004   5.9524112539053047E-004
   592.00000000000000       -4.4968952458004712E-004   6.3884786949131077E-004
   593.00000000000000       -1.4122537834512095E-003   6.8564865042999889E-004
   594.00000000000000       -2.4105819198307174E-003   7.3587733669177517E-004
   595.00000000000000       -3.4304071692137284E-003   7.8978490805538260E-004
   596.00000000000000       -4.4614120615828860E-003   8.4764070564338388E-004
   597.00000000000000       -5.4909274720122483E-003   9.0973377300192628E-004
   598.00000000000000       -6.5044790946106453E-003   9.7637429479448712E-004
   599.00000000000000       -7.4913749078506326E-003   1.0478951401635408E-003
   600.00000000000000       -8.4335796835445023E-003   1.1246535183160439E-003
   601.00000000000000       -9.3226663082678976E-003   1.2070327544251138E-003
   602.00000000000000       -1.0137763221931648E-002   1.2954441945134279E-003
   603.00000000000000       -1.0872899707399084E-002   1.3903292485960828E-003
   604.00000000000000       -1.1505178682365155E-002   1.4921615820142236E-003
   605.00000000000000       -1.2031181328454188E-002   1.6014494655882906E-003
   606.00000000000000       -1.2426840724883873E-002   1.7187382959637960E-003
   607.00000000000000       -1.2691293850557320E-002   1.8446132983158648E-003
   608.00000000000000       -1.2800166743599259E-002   1.9797024244242677E-003
   609.00000000000000       -1.2755071607336667E-002   2.1246794600309846E-003
   610.00000000000000       -1.2532165346133460E-002   2.2802673563508493E-003
   611.00000000000000       -1.2135379216206518E-002   2.4472418016251813E-003
   612.00000000000000       -1.1542188400820870E-002   2.6264350496918568E-003
   613.00000000000000       -1.0758621005272148E-002   2.8187400236960171E-003
   614.00000000000000       -9.7641887127396226E-003   3.0251147142866699E-003
   615.00000000000000       -8.5667377845096392E-003   3.2465868929388280E-003
   616.00000000000000       -7.1484528869098542E-003   3.4842591624115841E-003
   617.00000000000000       -5.5186722876560939E-003   3.7393143678023716E-003
   618.00000000000000       -3.6628012063454462E-003   4.0130213931893052E-003
   619.00000000000000       -1.5913045393109221E-003   4.3067413704690975E-003
   620.00000000000000        7.0673640884620159E-004   4.6219343286998749E-003
   621.00000000000000        3.2201273380268866E-003   4.9601663140473942E-003
   622.00000000000000        5.9557476563430016E-003   5.3231170123107475E-003
   623.00000000000000        8.9020959663325596E-003   5.7125879079698806E-003
   624.00000000000000        1.2061740412740858E-002   6.1305110157510185E-003
   625.00000000000000        1.5423313480764542E-002   6.5789582228457958E-003
   626.00000000000000        1.8984889631164292E-002   7.0601512821420716E-003
   627.00000000000000        2.2735688654052247E-002   7.5764724991241195E-003
   628.00000000000000        2.6669196946999790E-002   8.1304761574705741E-003
   629.00000000000000        3.0775681070612272E-002   8.7249007308103557E-003
   630.00000000000000        3.5044032101905112E-002   9.3626819305786969E-003
   631.00000000000000        3.9466022084103450E-002   1.0046966642431595E-002
   632.00000000000000        4.4026026292555899E-002   1.0781127806208593E-002
   633.00000000000000        4.8717773038975391E-002   1.1568780296957851E-002
   634.00000000000000        5.3521287972584257E-002   1.2413797867024956E-002
   635.00000000000000        5.8432691004505377E-002   1.3320331211623394E-002
   636.00000000000000        6.3427910604452103E-002   1.4292827222608570E-002
   637.00000000000000        6.8505870533640462E-002   1.5336049497319397E-002
   638.00000000000000        7.3638739421943156E-002   1.6455100171271574E-002
   639.00000000000000        7.8828626664551829E-002   1.7655443145117165E-002
   640.00000000000000        8.4044360227897325E-002   1.8942928777541612E-002
   641.00000000000000        8.9291579732449375E-002   2.0323820116557516E-002
   642.00000000000000        9.4536268116287209E-002   2.1804820741861044E-002
   643.00000000000000        9.9787897086124649E-002   2.3393104290411595E-002
   644.00000000000000       0.10501016850572854        2.5096345736026735E-002
   645.00000000000000       0.11021664135369312        2.6922754491376214E-002
   646.00000000000000       0.11536935772310543        2.8881109397111568E-002
   647.00000000000000       0.12048617043734232        3.0980795657745575E-002
   648.00000000000000       0.12552812680217892        3.3231843777036287E-002
   649.00000000000000       0.13051753171368813        3.5644970536727404E-002
   650.00000000000000       0.13541513083673484        3.8231622051205220E-002
   651.00000000000000       0.14024779336470508        4.1004018916558860E-002
   652.00000000000000       0.14497666828754260        4.3975203455231822E-002
   653.00000000000000       0.14963325949191944        4.7159089036426870E-002
   654.00000000000000       0.15417982042220812        5.0570511427109811E-002
   655.00000000000000       0.15865252348337749        5.4225282098222444E-002
   656.00000000000000       0.16301541083735219        5.8140243374858840E-002
   657.00000000000000       0.16730932590953071        6.2333325276902371E-002
   658.00000000000000       0.17150075860579186        6.6823603847109517E-002
   659.00000000000000       0.17563519832471075        7.1631360705916219E-002
   660.00000000000000       0.17968221509061760        7.6778143505310523E-002
   661.00000000000000       0.18369189203346628        8.2286826876854582E-002
   662.00000000000000       0.18763749285070902        8.8181673380160933E-002
   663.00000000000000       0.19157360956956443        9.4488393856578812E-002
   664.00000000000000       0.19547781349411494       0.10123420647720233     
   665.00000000000000       0.19940907440620650       0.10844789364322560     
   666.00000000000000       0.20334991799721372       0.11615985574876110     
   667.00000000000000       0.20736348920174391       0.12440216065016042     
   668.00000000000000       0.21143799505106919       0.13320858750035230     
   669.00000000000000       0.21564044192369292       0.14261466340058590     
   670.00000000000000       0.21996558834994923       0.15265769109429655     
   671.00000000000000       0.22448381993365696       0.16337676567795678     
   672.00000000000000       0.22919753883196345       0.17481277803152123     
   673.00000000000000       0.23417978113399754       0.18700840237676583     
   674.00000000000000       0.23944199987116227       0.20000806505656710     
   675.00000000000000       0.24505880560266557       0.21385789129398547     
   676.00000000000000       0.25105252855696503       0.22860562634015888     
   677.00000000000000       0.25749780645061715       0.24430052705915445     
   678.00000000000000       0.26443020029117192       0.26099321963253042     
   679.00000000000000       0.27192221099539177       0.27873551870502733     
   680.00000000000000       0.28002561248299346       0.29758020294659232     
   681.00000000000000       0.28880782768816349       0.31758074168882811     
   682.00000000000000       0.29834053102565067       0.33879096702319084     
   683.00000000000000       0.30868218524674146       0.36126468554479141     
   684.00000000000000       0.31992878519620876       0.38505522381443635     
   685.00000000000000       0.33212486315214185       0.41021490162185070     
   686.00000000000000       0.34539582781862599       0.43679442729857926     
   687.00000000000000       0.35976612242185246       0.46484220968798906     
   688.00000000000000       0.37539614516247355       0.49440358197435685     
   689.00000000000000       0.39228289165282837       0.52551993344899106     
   690.00000000000000       0.41062742674214953       0.55822774649691043     
   691.00000000000000       0.43039086990841197       0.59255753767185604     
   692.00000000000000       0.45182009860984512       0.62853270373810866     
   693.00000000000000       0.47483119092597242       0.66616827603813267     
   694.00000000000000       0.49972050846494598       0.70546958953093353     
   695.00000000000000       0.52634978495591878       0.74643087636000716     
   696.00000000000000       0.55506577219741104       0.78903379785676497     
   697.00000000000000       0.58566733397952875       0.83324593344600562     
   698.00000000000000       0.61854812380718127       0.87901924994439173     
   699.00000000000000       0.65343763667526356       0.92628858014326299     
   700.00000000000000       0.69076666822592392       0.97497014521157366     
   701.00000000000000       0.73019241781197264        1.0249601611614985     
   702.00000000000000       0.77216487577506887        1.0761335751527072     
   703.00000000000000       0.81627131226875338        1.1283429824807238     
   704.00000000000000       0.86295317281514217        1.1814177793569851     
   705.00000000000000       0.91173713626589514        1.2351636096546921     
   706.00000000000000       0.96301778287568474        1.2893621652448202     
   707.00000000000000        1.0162788274908106        1.3437713989478761     
   708.00000000000000        1.0718197215774863        1.3981262060605963     
   709.00000000000000        1.1291077059525152        1.4521396245113798     
   710.00000000000000        1.1882915753170047        1.5055045946683121     
   711.00000000000000        1.2488568915981353        1.5578963075106873     
   712.00000000000000        1.3107441578884573        1.6089751542896631     
   713.00000000000000        1.3734983780845740        1.6583902721628250     
   714.00000000000000        1.4367996895048123        1.7057836590431310     
   715.00000000000000        1.5002964939844070        1.7507948077561348     
   716.00000000000000        1.5633716213374014        1.7930657854969296     
   717.00000000000000        1.6258188614212763        1.8322466606837147     
   718.00000000000000        1.6867120257655055        1.8680011569474810     
   719.00000000000000        1.7460247306838927        1.9000123945947951     
   720.00000000000000        1.8025438336806039        1.9279885648420130     
   721.00000000000000        1.8564441046253926        1.9516683727325770     
   722.00000000000000        1.9062858428266181        1.9708260819653021     
   723.00000000000000        1.9524486337983926        1.9852759995852123     
   724.00000000000000        1.9933633615866655        1.9948762508878430     
   725.00000000000000        2.0295978501672418        1.9995317147367275     
   726.00000000000000        2.0595786331512036        1.9991960160540412     
   727.00000000000000        2.0840251226851323        1.9938725042942014     
   728.00000000000000        2.1014970262386496        1.9836141826189331     
   729.00000000000000        2.1128118726767937        1.9685225903345971     
   730.00000000000000        2.1167929427624199        1.9487456788541160     
   731.00000000000000        2.1142916984959741        1.9244747569429546     
   732.00000000000000        2.1044985434277828        1.8959406124078864     
   733.00000000000000        2.0882320810833837        1.8634089431068597     
   734.00000000000000        2.0651110592686122        1.8271752490381581     
   735.00000000000000        2.0358605263316871        1.7875593486371226     
   736.00000000000000        2.0005387014157123        1.7448996861113648     
   737.00000000000000        1.9597301306835093        1.6995475930115929     
   738.00000000000000        1.9138949449699705        1.6518616570217126     
   739.00000000000000        1.8634491178574242        1.6022023352482513     
   740.00000000000000        1.8091781031174983        1.5509269294064663     
   741.00000000000000        1.7513218132977697        1.4983850176551790     
   742.00000000000000        1.6908904511472145        1.4449144138355983     
   743.00000000000000        1.6279591894384682        1.3908377008319908     
   744.00000000000000        1.5636550891339116        1.3364593618312803     
   745.00000000000000        1.4979142219674610        1.2820635123287671     
   746.00000000000000        1.4318801043233693        1.2279122174759478     
   747.00000000000000        1.3653837333547474        1.1742443642129687     
   748.00000000000000        1.2995027559121710        1.1212750457598497     
   749.00000000000000        1.2339995261303394        1.0691954074428516     
   750.00000000000000        1.1698270608377472        1.0181728973272572     
   751.00000000000000        1.1067129765155230       0.96835186241594118     
   752.00000000000000        1.0454512465412760       0.91985443087452723     
   753.00000000000000       0.98576285541251107       0.87278162243649959     
   754.00000000000000       0.92826995793935196       0.82721463239262050     
   755.00000000000000       0.87270769077777166       0.78321623896137016     
   756.00000000000000       0.81953054694893990       0.74083228898772124     
   757.00000000000000       0.76850122077711425       0.70009322248999506     
   758.00000000000000       0.71992228610774633       0.66101560228543133     
   759.00000000000000       0.67359095465838492       0.62360362054618568     
   760.00000000000000       0.62968021597801660       0.58785055949397236     
   761.00000000000000       0.58802374479305375       0.55374018840786010     
   762.00000000000000       0.54868980180868132       0.52124808361358466     
   763.00000000000000       0.51154699049893793       0.49034286209865308     
   764.00000000000000       0.47658327464898892       0.46098732283983096     
   765.00000000000000       0.44369855016677645       0.43313949284593023     
   766.00000000000000       0.41282262886347543       0.40675357733396561     
   767.00000000000000       0.38388205413684534       0.38178081540749775     
   768.00000000000000       0.35676737468721559       0.35817024413653564     
   769.00000000000000       0.33142690745792580       0.33586937509681591     
   770.00000000000000       0.30772726134350864       0.31482478826166599     
   771.00000000000000       0.28563392023988277       0.29498264869997964     
   772.00000000000000       0.26500143572087137       0.27628915186441316     
   773.00000000000000       0.24580839107714492       0.25869090339647632     
   774.00000000000000       0.22790609547014065       0.24213523936732589     
   775.00000000000000       0.21128281356732340       0.22657049274784286     
   776.00000000000000       0.19579284397639776       0.21194621168770622     
   777.00000000000000       0.18143137038969148       0.19821333490505486     
   778.00000000000000       0.16805983424309734       0.18532432916637359     
   779.00000000000000       0.15567817742369935       0.17323329348725647     
   780.00000000000000       0.14415752918004707       0.16189603432222813     
   781.00000000000000       0.13350094757449904       0.15127011564657497     
   782.00000000000000       0.12359059462033488       0.14131488747342405     
   783.00000000000000       0.11443143040132636       0.13199149600131119     
   784.00000000000000       0.10591713200737271       0.12326287825569197     
   785.00000000000000        9.8053688236017220E-002  0.11509374377530371     
   786.00000000000000        9.0746178755289522E-002  0.10745054560290133     
   787.00000000000000        8.4001011596944467E-002  0.10030144257063736     
   788.00000000000000        7.7734167473702195E-002   9.3616254623503106E-002
   789.00000000000000        7.1952063325333326E-002   8.7366412699519266E-002
   790.00000000000000        6.6580843599263792E-002   8.1524904482064217E-002
   791.00000000000000        6.1626670744347599E-002   7.6066217156885940E-002
   792.00000000000000        5.7024990674552058E-002   7.0966278142785374E-002
   793.00000000000000        5.2781553849572942E-002   6.6202394619388871E-002
   794.00000000000000        4.8840198072548101E-002   6.1753192546493224E-002
   795.00000000000000        4.5206178785417619E-002   5.7598555755797198E-002
   796.00000000000000        4.1830821160470023E-002   5.3719565596073944E-002
   797.00000000000000        3.8718853603447068E-002   5.0098441525678640E-002
   798.00000000000000        3.5828222738281984E-002   4.6718482970481999E-002
   799.00000000000000        3.3163131605247698E-002   4.3564012699687737E-002
   800.00000000000000        3.0687341040564219E-002   4.0620321915442001E-002
