test case solitary wave on a simple beach

results of non-hydrostatic model (using finite element model): non-linear shallow water model

results at non-dim. t = 65

1st column: location in meters
2nd column: ssh values in meters

  -109.90000000000001       -2.5243034524790577E-005
  -110.00000000000000       -2.6008779493434344E-005
  -109.80000000000000       -2.5498876965272972E-005
  -109.69999999999999       -2.5608480511939906E-005
  -109.59999999999999       -2.5603986854870271E-005
  -109.50000000000000       -2.5756403752203893E-005
  -109.40000000000001       -2.5772440740344069E-005
  -109.30000000000001       -2.5967788168435062E-005
  -109.20000000000000       -2.5989334680164145E-005
  -109.09999999999999       -2.6275335065091041E-005
  -109.00000000000000       -2.6270764493580970E-005
  -108.90000000000001       -2.6651881003995898E-005
  -108.80000000000000       -2.6609714506459057E-005
  -108.69999999999999       -2.7101051870865391E-005
  -108.59999999999999       -2.7006156692838601E-005
  -108.50000000000000       -2.7615703351745284E-005
  -108.40000000000001       -2.7466876498828508E-005
  -108.30000000000001       -2.8190391347969150E-005
  -108.20000000000000       -2.7999600398418053E-005
  -108.09999999999999       -2.8825209005525834E-005
  -108.00000000000000       -2.8616274039130735E-005
  -107.90000000000001       -2.9516640686390144E-005
  -107.80000000000000       -2.9333123004798860E-005
  -107.69999999999999       -3.0252699489051423E-005
  -107.59999999999999       -3.0164474639191090E-005
  -107.50000000000000       -3.1028693071283343E-005
  -107.40000000000001       -3.1116688048373144E-005
  -107.30000000000001       -3.1840896422138010E-005
  -107.20000000000000       -3.2181005824870651E-005
  -107.09999999999999       -3.2683968370583487E-005
  -107.00000000000000       -3.3328812419757312E-005
  -106.90000000000001       -3.3558388075445056E-005
  -106.80000000000000       -3.4502919424709709E-005
  -106.69999999999999       -3.4468934013723829E-005
  -106.59999999999999       -3.5629716863262328E-005
  -106.50000000000000       -3.5401949392358846E-005
  -106.40000000000001       -3.6638859700562879E-005
  -106.30000000000001       -3.6333639792483951E-005
  -106.20000000000000       -3.7477259511800728E-005
  -106.09999999999999       -3.7250147510094455E-005
  -106.00000000000000       -3.8143366877912589E-005
  -105.90000000000001       -3.8135273474777871E-005
  -105.80000000000000       -3.8646654304605053E-005
  -105.69999999999999       -3.8979081260169228E-005
  -105.59999999999999       -3.9099910295291327E-005
  -105.50000000000000       -3.9798027088348106E-005
  -105.40000000000001       -3.9479768752528743E-005
  -105.30000000000001       -4.0672039607946025E-005
  -105.20000000000000       -4.0096322428073387E-005
  -105.09999999999999       -4.1433701549086207E-005
  -105.00000000000000       -4.0965230981618941E-005
  -104.90000000000001       -4.2306729223527799E-005
  -104.80000000000000       -4.2249714860688665E-005
  -104.69999999999999       -4.2657651391289847E-005
  -104.59999999999999       -4.4171698109097678E-005
  -104.50000000000000       -4.3541125100369065E-005
  -104.40000000000001       -4.4166346174809050E-005
  -104.30000000000001       -4.4056599240420908E-005
  -104.20000000000000       -4.5624389889255723E-005
  -104.09999999999999       -4.4429662243896871E-005
  -104.00000000000000       -4.4701625198829655E-005
  -103.90000000000001       -4.4839660836393537E-005
  -103.80000000000000       -4.4826813736259616E-005
  -103.69999999999999       -4.5161815631922208E-005
  -103.59999999999999       -4.3863502119587544E-005
  -103.50000000000000       -4.5255329138186208E-005
  -103.40000000000001       -4.4770128501572237E-005
  -103.30000000000001       -4.5544846271509036E-005
  -103.20000000000000       -4.5265658838147302E-005
  -103.09999999999999       -4.5399301844292579E-005
  -103.00000000000000       -4.6378574782505834E-005
  -102.90000000000001       -4.5566739991847181E-005
  -102.80000000000000       -4.6631038054697795E-005
  -102.69999999999999       -4.5214566495904661E-005
  -102.59999999999999       -4.5151848163572750E-005
  -102.50000000000000       -4.5030916325241400E-005
  -102.40000000000001       -4.4461477627571195E-005
  -102.30000000000001       -4.4638268276650496E-005
  -102.20000000000000       -4.2910608705433749E-005
  -102.09999999999999       -4.4090120100961511E-005
  -102.00000000000000       -4.3868761479477971E-005
  -101.90000000000001       -4.3804443781660416E-005
  -101.80000000000000       -4.4532696026629154E-005
  -101.69999999999999       -4.3037307695715913E-005
  -101.59999999999999       -4.3293039869620023E-005
  -101.50000000000000       -4.2396810766906566E-005
  -101.40000000000001       -4.2238089020207680E-005
  -101.30000000000001       -4.1622352443242121E-005
  -101.20000000000000       -3.9689569945364381E-005
  -101.09999999999999       -4.0547091671522163E-005
  -101.00000000000000       -3.9555794280973495E-005
  -100.90000000000001       -3.9915438001548882E-005
  -100.80000000000000       -4.1246441869719225E-005
  -100.69999999999999       -3.9018227132870358E-005
  -100.59999999999999       -3.8671254459900040E-005
  -100.50000000000000       -3.7681707910345341E-005
  -100.40000000000001       -3.5790672516431888E-005
  -100.30000000000001       -3.6690033801163382E-005
  -100.20000000000000       -3.6306867674402780E-005
  -100.09999999999999       -3.5747624258103003E-005
  -100.00000000000000       -3.5897231012064802E-005
  -99.900000000000006       -3.4493062464649186E-005
  -99.799999999999997       -3.3680485792650081E-005
  -99.699999999999989       -3.3257578946895229E-005
  -99.599999999999994       -3.2383219434716896E-005
  -99.500000000000000       -3.2125224179958026E-005
  -99.400000000000006       -3.1667092239228774E-005
  -99.300000000000011       -3.0925998238479941E-005
  -99.200000000000003       -3.0389815381236034E-005
  -99.099999999999994       -2.9669556504967183E-005
  -99.000000000000000       -2.8995893831456542E-005
  -98.900000000000006       -2.8448235357181799E-005
  -98.799999999999997       -2.7824020861140879E-005
  -98.699999999999989       -2.7244055760372487E-005
  -98.599999999999994       -2.6651570894713657E-005
  -98.500000000000000       -2.6016200060024654E-005
  -98.400000000000006       -2.5419849962165658E-005
  -98.300000000000011       -2.4816067880411732E-005
  -98.200000000000003       -2.4212930039397625E-005
  -98.099999999999994       -2.3635947679888143E-005
  -98.000000000000000       -2.3048161896351414E-005
  -97.900000000000006       -2.2462618732983136E-005
  -97.799999999999997       -2.1896698526464226E-005
  -97.699999999999989       -2.1329217238195865E-005
  -97.599999999999994       -2.0763081934963552E-005
  -97.500000000000000       -2.0213830165493831E-005
  -97.400000000000006       -1.9669109987034892E-005
  -97.300000000000011       -1.9125173685217356E-005
  -97.200000000000003       -1.8598844142738041E-005
  -97.099999999999994       -1.8082963838244152E-005
  -97.000000000000000       -1.7563992361759218E-005
  -96.900000000000006       -1.7057791775038501E-005
  -96.799999999999997       -1.6567225952285191E-005
  -96.699999999999989       -1.6078010194295570E-005
  -96.599999999999994       -1.5599904057243426E-005
  -96.500000000000000       -1.5138378176121139E-005
  -96.400000000000006       -1.4676223584440678E-005
  -96.300000000000011       -1.4221143125333200E-005
  -96.200000000000003       -1.3788268725060851E-005
  -96.099999999999994       -1.3361580140049555E-005
  -96.000000000000000       -1.2935125694204728E-005
  -95.900000000000006       -1.2526024413182283E-005
  -95.799999999999997       -1.2127828317840271E-005
  -95.699999999999989       -1.1731481868886598E-005
  -95.599999999999994       -1.1351275515641465E-005
  -95.500000000000000       -1.0984793205882479E-005
  -95.400000000000006       -1.0616350778060325E-005
  -95.300000000000011       -1.0259078372428089E-005
  -95.200000000000003       -9.9211997717797007E-006
  -95.099999999999994       -9.5858301122415989E-006
  -95.000000000000000       -9.2549719265793218E-006
  -94.900000000000006       -8.9422174634803660E-006
  -94.799999999999997       -8.6348400511554369E-006
  -94.699999999999989       -8.3289492662415846E-006
  -94.599999999999994       -8.0409917471370919E-006
  -94.500000000000000       -7.7645121198316055E-006
  -94.400000000000006       -7.4847897271245736E-006
  -94.300000000000011       -7.2160197100189386E-006
  -94.200000000000003       -6.9635115982129858E-006
  -94.099999999999994       -6.7122934427753382E-006
  -94.000000000000000       -6.4667778158622806E-006
  -93.900000000000006       -6.2370454815310912E-006
  -93.799999999999997       -6.0089493418352002E-006
  -93.699999999999989       -5.7821601283288966E-006
  -93.599999999999994       -5.5732670900943894E-006
  -93.500000000000000       -5.3734288267880645E-006
  -93.400000000000006       -5.1676168736294827E-006
  -93.300000000000011       -4.9714324033710770E-006
  -93.200000000000003       -4.7911909444743699E-006
  -93.099999999999994       -4.6110333675143633E-006
  -93.000000000000000       -4.4329562371039539E-006
  -92.900000000000006       -4.2685961212300828E-006
  -92.799999999999997       -4.1066248460140797E-006
  -92.699999999999989       -3.9445466681527425E-006
  -92.599999999999994       -3.7965004060358223E-006
  -92.500000000000000       -3.6563147674922773E-006
  -92.400000000000006       -3.5095379167781322E-006
  -92.300000000000011       -3.3702448563584157E-006
  -92.200000000000003       -3.2460914686177243E-006
  -92.099999999999994       -3.1208120515408971E-006
  -92.000000000000000       -2.9932725386062468E-006
  -91.900000000000006       -2.8787265107071513E-006
  -91.799999999999997       -2.7690227090366064E-006
  -91.699999999999989       -2.6556648864565882E-006
  -91.599999999999994       -2.5507784658238915E-006
  -91.500000000000000       -2.4558909438973992E-006
  -91.400000000000006       -2.3557118931893441E-006
  -91.300000000000011       -2.2575256134956952E-006
  -91.200000000000003       -2.1725710009472734E-006
  -91.099999999999994       -2.0891380167984038E-006
  -91.000000000000000       -2.0000721532856854E-006
  -90.900000000000006       -1.9203845905571885E-006
  -90.799999999999997       -1.8481655216917277E-006
  -90.699999999999989       -1.7713089719377764E-006
  -90.599999999999994       -1.6971048077272468E-006
  -90.500000000000000       -1.6343790926103829E-006
  -90.400000000000006       -1.5687872053340732E-006
  -90.300000000000011       -1.4993224993542488E-006
  -90.200000000000003       -1.4406945755963050E-006
  -90.099999999999994       -1.3889879465043239E-006
  -90.000000000000000       -1.3285975311902655E-006
  -89.900000000000006       -1.2702287182978849E-006
  -89.799999999999997       -1.2234752166546308E-006
  -89.699999999999989       -1.1765921302569518E-006
  -89.599999999999994       -1.1238046659328848E-006
  -89.500000000000000       -1.0787229177431310E-006
  -89.400000000000006       -1.0382707024872954E-006
  -89.300000000000011       -9.9338269438864836E-007
  -89.200000000000003       -9.5095673520546060E-007
  -89.099999999999994       -9.1761207618110727E-007
  -89.000000000000000       -8.7950536471757559E-007
  -88.900000000000006       -8.3770107030040617E-007
  -88.799999999999997       -8.0591185570637148E-007
  -88.699999999999989       -7.7994640114935532E-007
  -88.599999999999994       -7.4353480621688046E-007
  -88.500000000000000       -7.0776703404313513E-007
  -88.400000000000006       -6.8396371666990642E-007
  -88.300000000000011       -6.6077867571878022E-007
  -88.200000000000003       -6.2797861857233741E-007
  -88.099999999999994       -6.0047029956753468E-007
  -88.000000000000000       -5.8062410405280592E-007
  -87.900000000000006       -5.5749722783554820E-007
  -87.799999999999997       -5.3076571317121606E-007
  -87.699999999999989       -5.1156622204139585E-007
  -87.599999999999994       -4.9228514688917595E-007
  -87.500000000000000       -4.6893404775818969E-007
  -87.400000000000006       -4.4945628819542245E-007
  -87.300000000000011       -4.3652026938231014E-007
  -87.200000000000003       -4.1619437323024325E-007
  -87.099999999999994       -3.9387423259842610E-007
  -87.000000000000000       -3.8069143816406121E-007
  -86.900000000000006       -3.7068045830017201E-007
  -86.799999999999997       -3.4908951628046225E-007
  -86.699999999999989       -3.2867534267663326E-007
  -86.599999999999994       -3.1818797395618460E-007
  -86.500000000000000       -3.0637417429785523E-007
  -86.400000000000006       -2.8209374703635417E-007
  -86.300000000000011       -2.6055711107465669E-007
  -86.200000000000003       -2.4405801349330740E-007
  -86.099999999999994       -2.2040076418815890E-007
  -86.000000000000000       -1.8359640148300892E-007
  -85.900000000000006       -1.4540782387898043E-007
  -85.799999999999997       -9.9359004792040509E-008
  -85.699999999999989       -3.4972313557798004E-008
  -85.599999999999994        5.0591645979646090E-008
  -85.500000000000000        1.5472735660824650E-007
  -85.400000000000006        2.9419555004150930E-007
  -85.300000000000011        4.7832898000484622E-007
  -85.200000000000003        7.1168332680334423E-007
  -85.099999999999994        1.0051478707445753E-006
  -85.000000000000000        1.3865909941527600E-006
  -84.900000000000006        1.8662787665510268E-006
  -84.799999999999997        2.4545653215189856E-006
  -84.699999999999989        3.1747324003169145E-006
  -84.599999999999994        4.0616612537393229E-006
  -84.500000000000000        5.1226927399750714E-006
  -84.400000000000006        6.3687351341940708E-006
  -84.300000000000011        7.8207636916925310E-006
  -84.200000000000003        9.5032441478622991E-006
  -84.099999999999994        1.1402100864225785E-005
  -84.000000000000000        1.3507345907829962E-005
  -83.900000000000006        1.5808729443382929E-005
  -83.799999999999997        1.8292023510434844E-005
  -83.699999999999989        2.0899883053789119E-005
  -83.599999999999994        2.3581710096879219E-005
  -83.500000000000000        2.6284477421863976E-005
  -83.400000000000006        2.8953453526679020E-005
  -83.300000000000011        3.1509734373156063E-005
  -83.200000000000003        3.3894663633463149E-005
  -83.099999999999994        3.6067190199201026E-005
  -83.000000000000000        3.7999430596180246E-005
  -82.900000000000006        3.9675561465043988E-005
  -82.799999999999997        4.1115907682784419E-005
  -82.699999999999989        4.2369914427737965E-005
  -82.599999999999994        4.3504233654638967E-005
  -82.500000000000000        4.4594645225898074E-005
  -82.400000000000006        4.5741618677459965E-005
  -82.300000000000011        4.7024956430574234E-005
  -82.200000000000003        4.8514064483795368E-005
  -82.099999999999994        5.0231257559155604E-005
  -82.000000000000000        5.2195267745832901E-005
  -81.900000000000006        5.4353564020701718E-005
  -81.799999999999997        5.6632594136807775E-005
  -81.699999999999989        5.8924119858658880E-005
  -81.599999999999994        6.1139624136002861E-005
  -81.500000000000000        6.3186147353818710E-005
  -81.400000000000006        6.4996869874265934E-005
  -81.300000000000011        6.6564047723835783E-005
  -81.200000000000003        6.7941698842420529E-005
  -81.099999999999994        6.9218656075665123E-005
  -81.000000000000000        7.0507992746260639E-005
  -80.900000000000006        7.1922431270094161E-005
  -80.799999999999997        7.3585413932860367E-005
  -80.699999999999989        7.5527902751210601E-005
  -80.599999999999994        7.7742212956887031E-005
  -80.500000000000000        8.0129930360613966E-005
  -80.400000000000006        8.2590582323334295E-005
  -80.300000000000011        8.4979387700779481E-005
  -80.200000000000003        8.7175346839142942E-005
  -80.099999999999994        8.9120833447353776E-005
  -80.000000000000000        9.0841769476692399E-005
  -79.900000000000006        9.2437240925208585E-005
  -79.799999999999997        9.4052211215285686E-005
  -79.699999999999989        9.5825839478801318E-005
  -79.599999999999994        9.7901232853348565E-005
  -79.500000000000000        1.0029502172365869E-004
  -79.400000000000006        1.0297349851172308E-004
  -79.300000000000011        1.0577845662381896E-004
  -79.200000000000003        1.0855641540727102E-004
  -79.099999999999994        1.1115511434224261E-004
  -79.000000000000000        1.1349268397869271E-004
  -78.900000000000006        1.1560023239338168E-004
  -78.799999999999997        1.1760988683909957E-004
  -78.699999999999989        1.1970046738492323E-004
  -78.599999999999994        1.2206755753709285E-004
  -78.500000000000000        1.2477911401136769E-004
  -78.400000000000006        1.2785244307516198E-004
  -78.300000000000011        1.3112357977583471E-004
  -78.200000000000003        1.3440923580200053E-004
  -78.099999999999994        1.3751507923765309E-004
  -78.000000000000000        1.4034501396905814E-004
  -77.900000000000006        1.4294475620902332E-004
  -77.799999999999997        1.4547878368354652E-004
  -77.699999999999989        1.4815775620655427E-004
  -77.599999999999994        1.5120470393036639E-004
  -77.500000000000000        1.5464565736955765E-004
  -77.400000000000006        1.5843021279765722E-004
  -77.300000000000011        1.6231821357080573E-004
  -77.200000000000003        1.6609102005176051E-004
  -77.099999999999994        1.6959401067600971E-004
  -77.000000000000000        1.7282140810518330E-004
  -76.900000000000006        1.7594312148853130E-004
  -76.799999999999997        1.7923959283411200E-004
  -76.699999999999989        1.8289915217203299E-004
  -76.599999999999994        1.8704403976351511E-004
  -76.500000000000000        1.9150604362276849E-004
  -76.400000000000006        1.9607095637239730E-004
  -76.300000000000011        2.0046323353091486E-004
  -76.200000000000003        2.0454029976982557E-004
  -76.099999999999994        2.0837468393366412E-004
  -76.000000000000000        2.1222298246407510E-004
  -75.900000000000006        2.1635681820406701E-004
  -75.799999999999997        2.2101629139403026E-004
  -75.699999999999989        2.2609962115969221E-004
  -75.599999999999994        2.3141819312971510E-004
  -75.500000000000000        2.3663467512595392E-004
  -75.400000000000006        2.4153980897498418E-004
  -75.300000000000011        2.4615368779239854E-004
  -75.200000000000003        2.5072597816016992E-004
  -75.099999999999994        2.5556976561159960E-004
  -75.000000000000000        2.6098461615980126E-004
  -74.900000000000006        2.6686920253725203E-004
  -74.799999999999997        2.7301098835204421E-004
  -74.699999999999989        2.7902459424502944E-004
  -74.599999999999994        2.8469373204331646E-004
  -74.500000000000000        2.9007980927707818E-004
  -74.400000000000006        2.9549870727552075E-004
  -74.300000000000011        3.0127776392137101E-004
  -74.200000000000003        3.0770169937780839E-004
  -74.099999999999994        3.1457128646761881E-004
  -74.000000000000000        3.2158450988378908E-004
  -73.900000000000006        3.2834102370493879E-004
  -73.799999999999997        3.3470645783820571E-004
  -73.699999999999989        3.4089325205819836E-004
  -73.599999999999994        3.4735078534996753E-004
  -73.500000000000000        3.5433837741319162E-004
  -73.400000000000006        3.6198757633607904E-004
  -73.300000000000011        3.6990020176127565E-004
  -73.200000000000003        3.7767875876652953E-004
  -73.099999999999994        3.8505401902268291E-004
  -73.000000000000000        3.9214004427684838E-004
  -72.900000000000006        3.9933978465053093E-004
  -72.799999999999997        4.0716778178721629E-004
  -72.699999999999989        4.1561365748361872E-004
  -72.599999999999994        4.2448031279544181E-004
  -72.500000000000000        4.3321247534326994E-004
  -72.400000000000006        4.4150821410434993E-004
  -72.300000000000011        4.4948068524362642E-004
  -72.200000000000003        4.5762590408593960E-004
  -72.099999999999994        4.6631428294715600E-004
  -72.000000000000000        4.7578724858091803E-004
  -71.900000000000006        4.8557117618745928E-004
  -71.799999999999997        4.9518770193033440E-004
  -71.699999999999989        5.0432102923376164E-004
  -71.599999999999994        5.1316863486773482E-004
  -71.500000000000000        5.2222671915818524E-004
  -71.400000000000006        5.3207924598574607E-004
  -71.300000000000011        5.4254915679424818E-004
  -71.200000000000003        5.5327001484664965E-004
  -71.099999999999994        5.6362282550840312E-004
  -71.000000000000000        5.7345540814346028E-004
  -70.900000000000006        5.8313423039848601E-004
  -70.799999999999997        5.9337213644368122E-004
  -70.699999999999989        6.0432143613221444E-004
  -70.599999999999994        6.1588760478848499E-004
  -70.500000000000000        6.2732129932672814E-004
  -70.400000000000006        6.3820059655423950E-004
  -70.300000000000011        6.4865054319423391E-004
  -70.200000000000003        6.5936480714460328E-004
  -70.099999999999994        6.7074496933640739E-004
  -70.000000000000000        6.8297608880389194E-004
  -69.900000000000006        6.9529240621061649E-004
  -69.799999999999997        7.0711936584445562E-004
  -69.699999999999989        7.1835043395970962E-004
  -69.599999999999994        7.2960352373870052E-004
  -69.500000000000000        7.4142421469067580E-004
  -69.400000000000006        7.5421389880558746E-004
  -69.300000000000011        7.6723342312832305E-004
  -69.200000000000003        7.7984096117738450E-004
  -69.099999999999994        7.9175507825016893E-004
  -69.000000000000000        8.0353052811272467E-004
  -68.900000000000006        8.1578891081763054E-004
  -68.799999999999997        8.2907707889725321E-004
  -68.699999999999989        8.4265839218073974E-004
  -68.599999999999994        8.5585197839205425E-004
  -68.500000000000000        8.6827634109459015E-004
  -68.400000000000006        8.8049061952016699E-004
  -68.300000000000011        8.9316245053851543E-004
  -68.200000000000003        9.0690931916319979E-004
  -68.099999999999994        9.2092414863782779E-004
  -68.000000000000000        9.3448343319337099E-004
  -67.900000000000006        9.4720359168106978E-004
  -67.799999999999997        9.5975083179217040E-004
  -67.699999999999989        9.7280878341780895E-004
  -67.599999999999994        9.8696769447198344E-004
  -67.500000000000000        1.0012628588685049E-003
  -67.400000000000006        1.0149387621092151E-003
  -67.300000000000011        1.0277362812036411E-003
  -67.200000000000003        1.0405367700607711E-003
  -67.099999999999994        1.0539666161501777E-003
  -67.000000000000000        1.0684534570650343E-003
  -66.900000000000006        1.0828170812571549E-003
  -66.799999999999997        1.0963425292565062E-003
  -66.699999999999989        1.1090424728013785E-003
  -66.599999999999994        1.1220832776980649E-003
  -66.500000000000000        1.1358800189346101E-003
  -66.400000000000006        1.1505298722487153E-003
  -66.300000000000011        1.1646694162332862E-003
  -66.200000000000003        1.1778034502183895E-003
  -66.099999999999994        1.1903401309540981E-003
  -66.000000000000000        1.2036882335808912E-003
  -65.900000000000006        1.2178062705071025E-003
  -65.799999999999997        1.2323194685142454E-003
  -65.699999999999989        1.2458808500264665E-003
  -65.599999999999994        1.2585077175322145E-003
  -65.500000000000000        1.2709902551964758E-003
  -65.400000000000006        1.2847299694189833E-003
  -65.300000000000011        1.2989713649687717E-003
  -65.200000000000003        1.3129012594638521E-003
  -65.099999999999994        1.3255853851744134E-003
  -65.000000000000000        1.3378458118497500E-003
  -64.900000000000006        1.3505426452807576E-003
  -64.799999999999997        1.3645946322746935E-003
  -64.699999999999989        1.3784919172552220E-003
  -64.599999999999994        1.3913831172068462E-003
  -64.500000000000000        1.4031790861028716E-003
  -64.400000000000006        1.4155025922622385E-003
  -64.300000000000011        1.4286260104659403E-003
  -64.200000000000003        1.4425196291977045E-003
  -64.099999999999994        1.4553945690924971E-003
  -64.000000000000000        1.4671335920801187E-003
  -63.899999999999999        1.4785180996417142E-003
  -63.799999999999997        1.4913431030902497E-003
  -63.700000000000003        1.5046414839217095E-003
  -63.600000000000001        1.5175324245191516E-003
  -63.500000000000000        1.5289314056053506E-003
  -63.399999999999999        1.5400900346042024E-003
  -63.299999999999997        1.5518230150893240E-003
  -63.200000000000003        1.5649880834102438E-003
  -63.100000000000001        1.5775296952359290E-003
  -63.000000000000000        1.5888027224459269E-003
  -62.899999999999999        1.5991351736622244E-003
  -62.799999999999997        1.6107151348565257E-003
  -62.700000000000003        1.6230117709902737E-003
  -62.600000000000001        1.6354219333889828E-003
  -62.500000000000000        1.6462129513430189E-003
  -62.399999999999999        1.6563872600667191E-003
  -62.299999999999997        1.6668983250351600E-003
  -62.200000000000003        1.6791650904343198E-003
  -62.100000000000001        1.6909554301403637E-003
  -62.000000000000000        1.7014850066937933E-003
  -61.899999999999999        1.7108009975738804E-003
  -61.799999999999997        1.7213920828162623E-003
  -61.700000000000003        1.7327291199023280E-003
  -61.600000000000001        1.7443257097651723E-003
  -61.500000000000000        1.7541358633136577E-003
  -61.399999999999999        1.7633676906453630E-003
  -61.299999999999997        1.7729451071758356E-003
  -61.200000000000003        1.7844406964396640E-003
  -61.100000000000001        1.7952230152357852E-003
  -61.000000000000000        1.8046663356952601E-003
  -60.899999999999999        1.8129415789901264E-003
  -60.799999999999997        1.8229200619592377E-003
  -60.700000000000003        1.8334949928008677E-003
  -60.600000000000001        1.8439906165543273E-003
  -60.500000000000000        1.8524566173688834E-003
  -60.399999999999999        1.8608954740956889E-003
  -60.299999999999997        1.8699416281748075E-003
  -60.200000000000003        1.8807712240126366E-003
  -60.100000000000001        1.8902234647440316E-003
  -60.000000000000000        1.8983624677713024E-003
  -59.899999999999999        1.9058191989377914E-003
  -59.799999999999997        1.9156348692128790E-003
  -59.700000000000003        1.9254613181787768E-003
  -59.600000000000001        1.9344382824643014E-003
  -59.500000000000000        1.9414108987998177E-003
  -59.399999999999999        1.9496006826998126E-003
  -59.299999999999997        1.9585485820949660E-003
  -59.200000000000003        1.9683968839020838E-003
  -59.100000000000001        1.9760127853080981E-003
  -59.000000000000000        1.9831320065066367E-003
  -58.899999999999999        1.9904790660692016E-003
  -58.799999999999997        2.0002831295752531E-003
  -58.700000000000003        2.0087819987902778E-003
  -58.600000000000001        2.0159450447844820E-003
  -58.500000000000000        2.0219826024917924E-003
  -58.399999999999999        2.0307260597633593E-003
  -58.299999999999997        2.0394317171858979E-003
  -58.200000000000003        2.0474363069945605E-003
  -58.100000000000001        2.0531110014654847E-003
  -58.000000000000000        2.0604054250021884E-003
  -57.899999999999999        2.0683427443283484E-003
  -57.799999999999997        2.0772048667220874E-003
  -57.700000000000003        2.0833961913715735E-003
  -57.600000000000001        2.0896280427509023E-003
  -57.500000000000000        2.0961942654598937E-003
  -57.399999999999999        2.1052979441256378E-003
  -57.299999999999997        2.1123203432097436E-003
  -57.200000000000003        2.1182879639914925E-003
  -57.100000000000001        2.1235180384525558E-003
  -57.000000000000000        2.1320798174598804E-003
  -56.899999999999999        2.1396402588043009E-003
  -56.799999999999997        2.1460805604525393E-003
  -56.700000000000003        2.1505108685350278E-003
  -56.600000000000001        2.1579993858067957E-003
  -56.500000000000000        2.1654629106051381E-003
  -56.399999999999999        2.1727290228458372E-003
  -56.299999999999997        2.1770521573883771E-003
  -56.200000000000003        2.1833767682666945E-003
  -56.100000000000001        2.1901282402830603E-003
  -56.000000000000000        2.1981439675001586E-003
  -55.899999999999999        2.2028953005655610E-003
  -55.799999999999997        2.2083362879596461E-003
  -55.700000000000003        2.2140086265428427E-003
  -55.600000000000001        2.2224062681193944E-003
  -55.500000000000000        2.2278197152657505E-003
  -55.399999999999999        2.2328523253856048E-003
  -55.299999999999997        2.2373980913869326E-003
  -55.200000000000003        2.2457181067204435E-003
  -55.100000000000001        2.2517276716182378E-003
  -55.000000000000000        2.2568209283313264E-003
  -54.899999999999999        2.2604411809065100E-003
  -54.799999999999997        2.2682991122642301E-003
  -54.700000000000003        2.2746517611941610E-003
  -54.600000000000001        2.2801518754688877E-003
  -54.500000000000000        2.2831763480020834E-003
  -54.399999999999999        2.2903403356201546E-003
  -54.299999999999997        2.2967129404069522E-003
  -54.200000000000003        2.3027931533583673E-003
  -54.100000000000001        2.3055623818936089E-003
  -54.000000000000000        2.3119664355759234E-003
  -53.899999999999999        2.3180726602752420E-003
  -53.799999999999997        2.3247582739573708E-003
  -53.700000000000003        2.3275497802265300E-003
  -53.600000000000001        2.3332513660737643E-003
  -53.500000000000000        2.3388856346363914E-003
  -53.399999999999999        2.3460953221122109E-003
  -53.299999999999997        2.3490914059917435E-003
  -53.200000000000003        2.3542224474256720E-003
  -53.100000000000001        2.3592809976896363E-003
  -53.000000000000000        2.3668868030479323E-003
  -52.899999999999999        2.3701786593086699E-003
  -52.799999999999997        2.3748920667391120E-003
  -52.700000000000003        2.3793531744933224E-003
  -52.600000000000001        2.3872155804659100E-003
  -52.500000000000000        2.3908210472939223E-003
  -52.399999999999999        2.3952587730069201E-003
  -52.299999999999997        2.3991642951587495E-003
  -52.200000000000003        2.4071647247795127E-003
  -52.100000000000001        2.4110592252078607E-003
  -52.000000000000000        2.4153326891511754E-003
  -51.899999999999999        2.4187590574137009E-003
  -51.799999999999997        2.4268055043261223E-003
  -51.700000000000003        2.4309389750051752E-003
  -51.600000000000001        2.4351197828230003E-003
  -51.500000000000000        2.4381618832769666E-003
  -51.399999999999999        2.4461961937845113E-003
  -51.299999999999997        2.4505156871875182E-003
  -51.200000000000003        2.4546411597736310E-003
  -51.100000000000001        2.4573996893358118E-003
  -51.000000000000000        2.4653884510565031E-003
  -50.899999999999999        2.4698432230410394E-003
  -50.799999999999997        2.4739175306198870E-003
  -50.700000000000003        2.4764903209275298E-003
  -50.600000000000001        2.4844181692456700E-003
  -50.500000000000000        2.4889664847977488E-003
  -50.399999999999999        2.4929722169403277E-003
  -50.299999999999997        2.4954589619358321E-003
  -50.200000000000003        2.5033228370195332E-003
  -50.100000000000001        2.5079306824204472E-003
  -50.000000000000000        2.5118339432262369E-003
  -49.899999999999999        2.5143340748402369E-003
  -49.799999999999997        2.5221295170984414E-003
  -49.700000000000003        2.5267662744893416E-003
  -49.600000000000001        2.5305257707708994E-003
  -49.500000000000000        2.5331443911464804E-003
  -49.399999999999999        2.5408602431808845E-003
  -49.299999999999997        2.5454980369296470E-003
  -49.200000000000003        2.5490754237791112E-003
  -49.100000000000001        2.5519297286659423E-003
  -49.000000000000000        2.5595390046025566E-003
  -48.899999999999999        2.5641457764505535E-003
  -48.799999999999997        2.5675115969170988E-003
  -48.700000000000003        2.5707307885081427E-003
  -48.600000000000001        2.5781785804650003E-003
  -48.500000000000000        2.5827170005803422E-003
  -48.399999999999999        2.5858628457303113E-003
  -48.299999999999997        2.5895888370399216E-003
  -48.200000000000003        2.5967851571090206E-003
  -48.100000000000001        2.6012169659800012E-003
  -48.000000000000000        2.6041659790685453E-003
  -47.899999999999999        2.6085491082663819E-003
  -47.799999999999997        2.6153622426105154E-003
  -47.700000000000003        2.6196534263861989E-003
  -47.600000000000001        2.6224650999844101E-003
  -47.500000000000000        2.6276491767922637E-003
  -47.399999999999999        2.6339011631040482E-003
  -47.299999999999997        2.6380372044478633E-003
  -47.200000000000003        2.6408099185276212E-003
  -47.100000000000001        2.6469090698995733E-003
  -47.000000000000000        2.6523826982365298E-003
  -46.899999999999999        2.6563933889008655E-003
  -46.799999999999997        2.6592556403301029E-003
  -46.700000000000003        2.6663256629792438E-003
  -46.600000000000001        2.6707883475761605E-003
  -46.500000000000000        2.6747750200456465E-003
  -46.399999999999999        2.6778585051327403E-003
  -46.299999999999997        2.6858629917283832E-003
  -46.200000000000003        2.6891067003197537E-003
  -46.100000000000001        2.6932690427604994E-003
  -46.000000000000000        2.6966654463634037E-003
  -45.899999999999999        2.7054452942386815E-003
  -45.799999999999997        2.7073439406535738E-003
  -45.700000000000003        2.7119936844372909E-003
  -45.600000000000001        2.7156963252298327E-003
  -45.500000000000000        2.7249633279450257E-003
  -45.399999999999999        2.7255434942824895E-003
  -45.299999999999997        2.7310845813708190E-003
  -45.200000000000003        2.7349282114963827E-003
  -45.100000000000001        2.7442993858743936E-003
  -45.000000000000000        2.7437990024397735E-003
  -44.899999999999999        2.7506619167083270E-003
  -44.799999999999997        2.7542918991044925E-003
  -44.700000000000003        2.7633730099560043E-003
  -44.600000000000001        2.7622534005411442E-003
  -44.500000000000000        2.7707779031459494E-003
  -44.399999999999999        2.7736801910418956E-003
  -44.299999999999997        2.7821990736027137E-003
  -44.200000000000003        2.7810808755748904E-003
  -44.100000000000001        2.7913607125149903E-003
  -44.000000000000000        2.7929787376670579E-003
  -43.899999999999999        2.8009356426743274E-003
  -43.799999999999997        2.8004375582238550E-003
  -43.700000000000003        2.8121841312349878E-003
  -43.600000000000001        2.8121278777539691E-003
  -43.500000000000000        2.8198888904931805E-003
  -43.399999999999999        2.8203897942058686E-003
  -43.299999999999997        2.8328987147548117E-003
  -43.200000000000003        2.8311883724790906E-003
  -43.100000000000001        2.8394403047873234E-003
  -43.000000000000000        2.8408578811521127E-003
  -42.899999999999999        2.8531515135633910E-003
  -42.799999999999997        2.8503731074707417E-003
  -42.700000000000003        2.8598861254305833E-003
  -42.600000000000001        2.8616086456722694E-003
  -42.500000000000000        2.8727774940731734E-003
  -42.399999999999999        2.8700138340263708E-003
  -42.299999999999997        2.8812398108734104E-003
  -42.200000000000003        2.8823302744404836E-003
  -42.100000000000001        2.8919765479617672E-003
  -42.000000000000000        2.8904327390116224E-003
  -41.899999999999999        2.9031134062275205E-003
  -41.799999999999997        2.9028008371149720E-003
  -41.700000000000003        2.9113416189261595E-003
  -41.600000000000001        2.9117479802024397E-003
  -41.500000000000000        2.9248123109192658E-003
  -41.399999999999999        2.9230710106461968E-003
  -41.299999999999997        2.9316276558417876E-003
  -41.200000000000003        2.9337365264149604E-003
  -41.100000000000001        2.9456987905720927E-003
  -41.000000000000000        2.9435194166364375E-003
  -40.899999999999999        2.9532921347112388E-003
  -40.799999999999997        2.9558854052820997E-003
  -40.700000000000003        2.9656818301973488E-003
  -40.600000000000001        2.9646844313029851E-003
  -40.500000000000000        2.9760666504569776E-003
  -40.399999999999999        2.9776756521603881E-003
  -40.299999999999997        2.9854783822768644E-003
  -40.200000000000003        2.9868979282666346E-003
  -40.100000000000001        2.9989552582891680E-003
  -40.000000000000000        2.9989833169751213E-003
  -39.899999999999999        3.0062925789631719E-003
  -39.799999999999997        3.0099416877212336E-003
  -39.700000000000003        3.0208729445120770E-003
  -39.600000000000001        3.0202821426085400E-003
  -39.500000000000000        3.0289320033025919E-003
  -39.399999999999999        3.0330802599253994E-003
  -39.299999999999997        3.0416111626954279E-003
  -39.200000000000003        3.0423497590457843E-003
  -39.100000000000001        3.0529733458830766E-003
  -39.000000000000000        3.0556034678915142E-003
  -38.899999999999999        3.0622954091705833E-003
  -38.799999999999997        3.0655870739036035E-003
  -38.700000000000003        3.0768725768406243E-003
  -38.600000000000001        3.0775064322745129E-003
  -38.500000000000000        3.0846156051419667E-003
  -38.399999999999999        3.0895283359643512E-003
  -38.299999999999997        3.0993051590631608E-003
  -38.200000000000003        3.0996378729601570E-003
  -38.100000000000001        3.1091817657191577E-003
  -38.000000000000000        3.1131435919126015E-003
  -37.899999999999999        3.1206864095514640E-003
  -37.799999999999997        3.1229576151172046E-003
  -37.700000000000003        3.1346040400354307E-003
  -37.600000000000001        3.1358848466998151E-003
  -37.500000000000000        3.1430982691261866E-003
  -37.399999999999999        3.1474580673763490E-003
  -37.299999999999997        3.1587101492747713E-003
  -37.200000000000003        3.1584509119627407E-003
  -37.100000000000001        3.1681256330509211E-003
  -37.000000000000000        3.1720181253793380E-003
  -36.899999999999999        3.1810968361721658E-003
  -36.799999999999997        3.1821603477529535E-003
  -36.700000000000003        3.1947296287016909E-003
  -36.600000000000001        3.1956871984810732E-003
  -36.500000000000000        3.2040174895704037E-003
  -36.399999999999999        3.2073700060490373E-003
  -36.299999999999997        3.2201271068289954E-003
  -36.200000000000003        3.2190196969124410E-003
  -36.100000000000001        3.2297863709458358E-003
  -36.000000000000000        3.2328952750155151E-003
  -35.899999999999999        3.2433862235794345E-003
  -35.799999999999997        3.2435773757569959E-003
  -35.700000000000003        3.2574447313076529E-003
  -35.600000000000001        3.2575232297122822E-003
  -35.500000000000000        3.2671280015051959E-003
  -35.399999999999999        3.2698471860848127E-003
  -35.299999999999997        3.2836360941483852E-003
  -35.200000000000003        3.2818865298943952E-003
  -35.100000000000001        3.2940807427896293E-003
  -35.000000000000000        3.2963868418209069E-003
  -34.899999999999999        3.3075007592678874E-003
  -34.799999999999997        3.3077748865839229E-003
  -34.700000000000003        3.3227026696132180E-003
  -34.600000000000001        3.3219459488043695E-003
  -34.500000000000000        3.3324895654838890E-003
  -34.399999999999999        3.3353787405291111E-003
  -34.299999999999997        3.3491170858550522E-003
  -34.200000000000003        3.3476259613882801E-003
  -34.100000000000001        3.3611064743966790E-003
  -34.000000000000000        3.3628282494105812E-003
  -33.899999999999999        3.3735681997319358E-003
  -33.799999999999997        3.3752440796674080E-003
  -33.700000000000003        3.3903137012864146E-003
  -33.600000000000001        3.3893185826880559E-003
  -33.500000000000000        3.4005797296648103E-003
  -33.399999999999999        3.4041594061468383E-003
  -33.299999999999997        3.4164361125432361E-003
  -33.200000000000003        3.4167013227052617E-003
  -33.100000000000001        3.4309906775262162E-003
  -33.000000000000000        3.4322556392281365E-003
  -32.899999999999999        3.4422001063833326E-003
  -32.799999999999997        3.4462322438581069E-003
  -32.700000000000003        3.4598746469259221E-003
  -32.600000000000001        3.4598965571273317E-003
  -32.500000000000000        3.4721058206032608E-003
  -32.399999999999999        3.4759773146891986E-003
  -32.299999999999997        3.4859045400293864E-003
  -32.200000000000003        3.4895837253554472E-003
  -32.100000000000001        3.5033817579582416E-003
  -32.000000000000000        3.5046482423475929E-003
  -31.899999999999999        3.5146370877914630E-003
  -31.800000000000001        3.5200890326377650E-003
  -31.700000000000003        3.5310161664205762E-003
  -31.600000000000001        3.5343800691957296E-003
  -31.500000000000000        3.5471836373279944E-003
  -31.399999999999999        3.5519513045042268E-003
  -31.299999999999997        3.5592331783845812E-003
  -31.199999999999999        3.5644977544561918E-003
  -31.100000000000001        3.5769259591679633E-003
  -31.000000000000000        3.5765275165169368E-003
  -30.899999999999999        3.5912239659970820E-003
  -30.800000000000001        3.6041585955711324E-003
  -30.700000000000003        3.6064059654227075E-003
  -30.600000000000001        3.6201809831124016E-003
  -30.500000000000000        3.6247741734041598E-003
  -30.399999999999999        3.6057736327375690E-003
  -30.299999999999997        3.6340831813041039E-003
  -30.199999999999999        3.6376182457466969E-003
  -30.100000000000001        3.6537422666490871E-003
  -30.000000000000000        3.7154457528089085E-003
  -29.899999999999999        3.6791788014262370E-003
  -29.800000000000001        3.6672282551342755E-003
  -29.700000000000003        3.6789085268201277E-003
  -29.600000000000001        3.5948088584233833E-003
  -29.500000000000000        3.6931782723135776E-003
  -29.399999999999999        3.7686273884275333E-003
  -29.299999999999997        3.7361769317468541E-003
  -29.199999999999999        3.8483124416550979E-003
  -29.100000000000001        3.7365519441018486E-003
  -29.000000000000000        3.6262746076674512E-003
  -28.899999999999999        3.7334589483139767E-003
  -28.800000000000001        3.6829512835437877E-003
  -28.700000000000003        3.7818534435928816E-003
  -28.600000000000001        3.8846792272360614E-003
  -28.500000000000000        3.7901612342952111E-003
  -28.399999999999999        3.7964749675363516E-003
  -28.299999999999997        3.7931130817889214E-003
  -28.199999999999999        3.8314627372253969E-003
  -28.100000000000001        3.8360228204661682E-003
  -28.000000000000000        3.8281814437867955E-003
  -27.899999999999999        3.8270853238743874E-003
  -27.800000000000001        3.7424813276063498E-003
  -27.700000000000003        3.8541402647750658E-003
  -27.600000000000001        3.9209132826440026E-003
  -27.500000000000000        3.8882974256960814E-003
  -27.399999999999999        3.8966265388627602E-003
  -27.299999999999997        3.8768945670957268E-003
  -27.199999999999999        3.9296252150416598E-003
  -27.100000000000001        3.9260417408380679E-003
  -27.000000000000000        3.9641093661208077E-003
  -26.899999999999999        3.9212549645178795E-003
  -26.800000000000001        3.8598515378055870E-003
  -26.700000000000003        3.9475644940065282E-003
  -26.600000000000001        3.9818650164662453E-003
  -26.500000000000000        3.9705896825505960E-003
  -26.399999999999999        3.9136753330220016E-003
  -26.299999999999997        3.9778172833072325E-003
  -26.199999999999999        4.0517786562892224E-003
  -26.100000000000001        4.0179680383517517E-003
  -26.000000000000000        4.0092909929796876E-003
  -25.899999999999999        4.0078510515989211E-003
  -25.800000000000001        4.0375050248958261E-003
  -25.700000000000003        4.0644330422627325E-003
  -25.600000000000001        4.0412303251770275E-003
  -25.500000000000000        4.0335785113927627E-003
  -25.399999999999999        4.1487441460199065E-003
  -25.299999999999997        4.1130075361078171E-003
  -25.199999999999999        4.1242397650125360E-003
  -25.100000000000001        4.0939150420933003E-003
  -25.000000000000000        4.1003811086306116E-003
  -24.899999999999999        4.1192502583459684E-003
  -24.800000000000001        3.9473360751465019E-003
  -24.700000000000003        4.1360927692345823E-003
  -24.600000000000001        4.1454404029375117E-003
  -24.500000000000000        4.1725614500610440E-003
  -24.399999999999999        4.2976943554653910E-003
  -24.299999999999997        4.1957925927342309E-003
  -24.199999999999999        4.2338004948620552E-003
  -24.100000000000001        4.1926147746115050E-003
  -24.000000000000000        4.1619570698359590E-003
  -23.899999999999999        4.2254785883453347E-003
  -23.800000000000001        4.3065400604711743E-003
  -23.700000000000003        4.2628832696152566E-003
  -23.600000000000001        4.2993018629663513E-003
  -23.500000000000000        4.2650116832499982E-003
  -23.399999999999999        4.1902381412013958E-003
  -23.299999999999997        4.2873761209096476E-003
  -23.199999999999999        4.3248861953418243E-003
  -23.100000000000001        4.3306320090925896E-003
  -23.000000000000000        4.3612477136626190E-003
  -22.899999999999999        4.3275397973575542E-003
  -22.800000000000001        4.2663739971917957E-003
  -22.700000000000003        4.3496020589771688E-003
  -22.600000000000001        4.4141452682178797E-003
  -22.500000000000000        4.4000235359826223E-003
  -22.399999999999999        4.4138024208968084E-003
  -22.299999999999997        4.4005885723161376E-003
  -22.199999999999999        4.3627854456185977E-003
  -22.100000000000001        4.4372389450344661E-003
  -22.000000000000000        4.5196340379041605E-003
  -21.899999999999999        4.4650119961112617E-003
  -21.800000000000001        4.4330476594014630E-003
  -21.700000000000003        4.4621803297584571E-003
  -21.600000000000001        4.4952714757897205E-003
  -21.500000000000000        4.5160353004904483E-003
  -21.399999999999999        4.5573496072536020E-003
  -21.299999999999997        4.5150453434685120E-003
  -21.199999999999999        4.4851114386412223E-003
  -21.100000000000001        4.5603695042994536E-003
  -21.000000000000000        4.6320639092789911E-003
  -20.899999999999999        4.5804908029548012E-003
  -20.800000000000001        4.5341761381313440E-003
  -20.700000000000003        4.5938252156295586E-003
  -20.600000000000001        4.6655481116738848E-003
  -20.500000000000000        4.6449433530492560E-003
  -20.399999999999999        4.6043904971232313E-003
  -20.299999999999997        4.6434382750487457E-003
  -20.199999999999999        4.7046510334359864E-003
  -20.100000000000001        4.7030629518166915E-003
  -20.000000000000000        4.6651075197665457E-003
  -19.899999999999999        4.6954847516177982E-003
  -19.800000000000001        4.7601893809110247E-003
  -19.700000000000003        4.7515730411287179E-003
  -19.600000000000001        4.7192906136757492E-003
  -19.500000000000000        4.7596596643293314E-003
  -19.399999999999999        4.8132973595048012E-003
  -19.299999999999997        4.8021152586924278E-003
  -19.199999999999999        4.7885138192058302E-003
  -19.100000000000001        4.8199843900514905E-003
  -19.000000000000000        4.8561103951380354E-003
  -18.899999999999999        4.8689372579729774E-003
  -18.800000000000001        4.8656657759076471E-003
  -18.700000000000003        4.8748796438520953E-003
  -18.600000000000001        4.9007324415328976E-003
  -18.500000000000000        4.9269008559191738E-003
  -18.399999999999999        4.9465115901379305E-003
  -18.299999999999997        4.9507902257776588E-003
  -18.199999999999999        4.9518945488461604E-003
  -18.100000000000001        4.9808686603165925E-003
  -18.000000000000000        5.0171431691575855E-003
  -17.899999999999999        5.0216456649259415E-003
  -17.800000000000001        5.0283683089906578E-003
  -17.700000000000003        5.0535666076673043E-003
  -17.600000000000001        5.0677737240256938E-003
  -17.500000000000000        5.0859506339429594E-003
  -17.399999999999999        5.1165078897196514E-003
  -17.299999999999997        5.1262682018228794E-003
  -17.199999999999999        5.1370139744296821E-003
  -17.100000000000001        5.1645914401900594E-003
  -17.000000000000000        5.1797351315502546E-003
  -16.899999999999999        5.1976129715340848E-003
  -16.800000000000001        5.2262741860674951E-003
  -16.700000000000003        5.2400128540235052E-003
  -16.600000000000001        5.2576156170074809E-003
  -16.500000000000000        5.2833680759176290E-003
  -16.399999999999999        5.2976576506097682E-003
  -16.299999999999997        5.3188027594413484E-003
  -16.199999999999999        5.3449384329535710E-003
  -16.100000000000001        5.3624156426458512E-003
  -16.000000000000000        5.3863133545632375E-003
  -15.900000000000000        5.4109341134349750E-003
  -15.800000000000001        5.4280809089005191E-003
  -15.699999999999999        5.4508722466070515E-003
  -15.600000000000000        5.4747765536867429E-003
  -15.500000000000000        5.4949442338904173E-003
  -15.400000000000000        5.5216500850563295E-003
  -15.300000000000001        5.5478156782105088E-003
  -15.199999999999999        5.5692005734204490E-003
  -15.100000000000000        5.5945108806370516E-003
  -15.000000000000000        5.6192273952650586E-003
  -14.900000000000000        5.6399842742273828E-003
  -14.800000000000001        5.6689994677926372E-003
  -14.699999999999999        5.6954992445787346E-003
  -14.600000000000000        5.7194242608110436E-003
  -14.500000000000000        5.7500050281623430E-003
  -14.400000000000000        5.7737221378492080E-003
  -14.300000000000001        5.7994290223396076E-003
  -14.199999999999999        5.8297817041099223E-003
  -14.100000000000000        5.8566102383122215E-003
  -14.000000000000000        5.8858330649732733E-003
  -13.900000000000000        5.9185986565413722E-003
  -13.800000000000001        5.9447522920423566E-003
  -13.699999999999999        5.9751232720355032E-003
  -13.600000000000000        6.0067629151430635E-003
  -13.500000000000000        6.0345968882413283E-003
  -13.400000000000000        6.0692687946135590E-003
  -13.300000000000001        6.1027422679574474E-003
  -13.199999999999999        6.1336217120407151E-003
  -13.100000000000000        6.1691358959915761E-003
  -13.000000000000000        6.2019279143016252E-003
  -12.900000000000000        6.2339744717943395E-003
  -12.800000000000001        6.2724163759840723E-003
  -12.699999999999999        6.3076014299344590E-003
  -12.600000000000000        6.3446859922930855E-003
  -12.500000000000000        6.3855835141982138E-003
  -12.400000000000000        6.4215286267166648E-003
  -12.300000000000001        6.4611041052857676E-003
  -12.199999999999999        6.5031427063888423E-003
  -12.100000000000000        6.5426986241352110E-003
  -12.000000000000000        6.5880755880478696E-003
  -11.900000000000000        6.6342408133992321E-003
  -11.800000000000001        6.6782209418989264E-003
  -11.699999999999999        6.7274480972178549E-003
  -11.600000000000000        6.7757154844220969E-003
  -11.500000000000000        6.8243740581383295E-003
  -11.400000000000000        6.8797169601562168E-003
  -11.300000000000001        6.9340261246139626E-003
  -11.199999999999999        6.9906730805173829E-003
  -11.100000000000000        7.0521437030094504E-003
  -11.000000000000000        7.1109072585221070E-003
  -10.900000000000000        7.1733024888607222E-003
  -10.800000000000001        7.2394977392173793E-003
  -10.699999999999999        7.3038916045653074E-003
  -10.600000000000000        7.3731987503330276E-003
  -10.500000000000000        7.4432686382767867E-003
  -10.400000000000000        7.5098382233137681E-003
  -10.300000000000001        7.5789135920257111E-003
  -10.199999999999999        7.6446120032330547E-003
  -10.100000000000000        7.7060105566617871E-003
  -10.000000000000000        7.7679109467910703E-003
  -9.9000000000000004        7.8225996594305704E-003
  -9.8000000000000007        7.8707412182349897E-003
  -9.6999999999999993        7.9146658899264637E-003
  -9.5999999999999996        7.9471441116435657E-003
  -9.5000000000000000        7.9727267994477366E-003
  -9.4000000000000004        7.9934519835079456E-003
  -9.3000000000000007        8.0049656721067237E-003
  -9.1999999999999993        8.0142385540214276E-003
  -9.0999999999999996        8.0224482413757923E-003
  -9.0000000000000000        8.0281197314342016E-003
  -8.9000000000000004        8.0413400693863761E-003
  -8.8000000000000007        8.0639441744656867E-003
  -8.6999999999999993        8.0982292458397706E-003
  -8.5999999999999996        8.1543149714013493E-003
  -8.5000000000000000        8.2304574356316072E-003
  -8.4000000000000004        8.3272455436078589E-003
  -8.3000000000000007        8.4480930437320512E-003
  -8.1999999999999993        8.5845700278893156E-003
  -8.0999999999999996        8.7301183711597473E-003
  -8.0000000000000000        8.8790647988712546E-003
  -7.9000000000000004        9.0135514897220093E-003
  -7.7999999999999998        9.1232367962482686E-003
  -7.6999999999999993        9.2032293623376480E-003
  -7.5999999999999996        9.2451257736571417E-003
  -7.5000000000000000        9.2616811870446149E-003
  -7.4000000000000004        9.2708368199297050E-003
  -7.3000000000000007        9.2932628605888277E-003
  -7.2000000000000002        9.3606386204704919E-003
  -7.0999999999999996        9.4955044324791064E-003
  -7.0000000000000000        9.7070539118836799E-003
  -6.9000000000000004        9.9863528232050480E-003
  -6.7999999999999998        1.0302925279646089E-002
  -6.6999999999999993        1.0591707109217577E-002
  -6.5999999999999996        1.0788487645485645E-002
  -6.5000000000000000        1.0842946968419722E-002
  -6.4000000000000004        1.0727225265178528E-002
  -6.3000000000000007        1.0494590108519275E-002
  -6.2000000000000002        1.0227624933136167E-002
  -6.0999999999999996        1.0038125224187934E-002
  -6.0000000000000000        1.0041421479570470E-002
  -5.9000000000000004        1.0286676301259835E-002
  -5.7999999999999998        1.0770647301044003E-002
  -5.6999999999999993        1.1381716063056695E-002
  -5.5999999999999996        1.1952349733675810E-002
  -5.5000000000000000        1.2302263140918757E-002
  -5.4000000000000004        1.2314316850061437E-002
  -5.3000000000000007        1.2074177312864944E-002
  -5.2000000000000002        1.1763649472967069E-002
  -5.0999999999999996        1.1636710066733667E-002
  -5.0000000000000000        1.1900976915957047E-002
  -4.9000000000000004        1.2521607548068848E-002
  -4.7999999999999998        1.3318706445195573E-002
  -4.6999999999999993        1.3929245229391506E-002
  -4.5999999999999996        1.4023234035630943E-002
  -4.5000000000000000        1.3662358997579286E-002
  -4.4000000000000004        1.3128046854944703E-002
  -4.3000000000000007        1.2856491766791926E-002
  -4.2000000000000002        1.3208951265876548E-002
  -4.0999999999999996        1.4074991496513780E-002
  -4.0000000000000000        1.5042709200654930E-002
  -3.8999999999999999        1.5522688360230668E-002
  -3.7999999999999998        1.5185184323389044E-002
  -3.7000000000000002        1.4516503308228401E-002
  -3.6000000000000001        1.4176090535490342E-002
  -3.5000000000000000        1.4485269656411849E-002
  -3.3999999999999999        1.5470362073704530E-002
  -3.2999999999999998        1.6445656823127885E-002
  -3.2000000000000002        1.6529499405858458E-002
  -3.1000000000000001        1.5801315857984263E-002
  -3.0000000000000000        1.5066137027304013E-002
  -2.8999999999999999        1.5088806917692802E-002
  -2.7999999999999998        1.6072287024169834E-002
  -2.7000000000000002        1.7144691840838885E-002
  -2.6000000000000001        1.7127282214765078E-002
  -2.5000000000000000        1.6161868567649458E-002
  -2.3999999999999999        1.5327815183676813E-002
  -2.2999999999999998        1.5332916739329844E-002
  -2.2000000000000002        1.6341711852188724E-002
  -2.1000000000000001        1.7131709831091701E-002
  -2.0000000000000000        1.6426209923800533E-002
  -1.8999999999999999        1.5349516223670284E-002
  -1.8000000000000000        1.5201479443623154E-002
  -1.7000000000000002        1.5613215263642790E-002
  -1.6000000000000001        1.5171245363922005E-002
  -1.5000000000000000        1.4366304792769742E-002
  -1.3999999999999999        1.4114704561994006E-002
  -1.2999999999999998        1.4190717558577171E-002
  -1.2000000000000000        1.6947555733275603E-002
  -1.1000000000000001        1.6445585006246568E-002
  -1.0000000000000000        8.9592086350953511E-003
 -0.90000000000000002        7.7570841480068195E-003
 -0.80000000000000004        7.1959711465166805E-003
 -0.69999999999999996        7.2111997515744439E-003
 -0.59999999999999998        1.0691472352172549E-002
 -0.50000000000000000        3.2280756634173332E-003
 -0.40000000000000002       -2.7248084863819178E-003
 -0.30000000000000004       -2.8269939937717935E-003
 -0.20000000000000001       -5.9927037621113153E-004
 -0.10000000000000001        1.0485334105796943E-002
   0.0000000000000000        2.1374062703506586E-002
  0.10000000000000001        3.0816319331214176E-002
  0.20000000000000001        3.1413820053668787E-002
  0.30000000000000004        3.1284104736863473E-002
  0.40000000000000002        3.5732624108477870E-002
  0.50000000000000000        3.5241539509454529E-002
  0.59999999999999998        3.6253534718537483E-002
  0.69999999999999996        3.9133152079289565E-002
  0.80000000000000004        4.4756241210131317E-002
  0.90000000000000002        5.1175401391193198E-002
   1.0000000000000000        5.9434991138927182E-002
   1.1000000000000001        5.7024747857659125E-002
   1.2000000000000000        6.1649972114100782E-002
   1.2999999999999998        6.7284673116887975E-002
   1.3999999999999999        7.1135936059909102E-002
   1.5000000000000000        7.5566750629722845E-002
   1.6000000000000001        8.0604534005037864E-002
   1.7000000000000002        8.5642317380352662E-002
   1.8000000000000000        9.0680100755667459E-002
   1.8999999999999999        9.5717884130982256E-002
   2.0000000000000000       0.10075566750629728     
   2.1000000000000001       0.10579345088161207     
   2.2000000000000002       0.11083123425692687     
   2.2999999999999998       0.11586901763224189     
   2.3999999999999999       0.12090680100755646     
   2.5000000000000000       0.12594458438287148     
   2.6000000000000001       0.13098236775818650     
   2.7000000000000002       0.13602015113350108     
   2.7999999999999998       0.14105793450881610     
   2.8999999999999999       0.14609571788413089     
   3.0000000000000000       0.15113350125944591     
   3.1000000000000001       0.15617128463476071     
   3.2000000000000002       0.16120906801007551     
   3.2999999999999998       0.16624685138539053     
   3.3999999999999999       0.17128463476070510     
   3.5000000000000000       0.17632241813602012     
   3.6000000000000001       0.18136020151133514     
   3.7000000000000002       0.18639798488664971     
   3.7999999999999998       0.19143576826196473     
   3.8999999999999999       0.19647355163727953     
   4.0000000000000000       0.20151133501259433     
   4.0999999999999996       0.20654911838790935     
   4.2000000000000002       0.21158690176322414     
   4.3000000000000007       0.21662468513853894     
   4.4000000000000004       0.22166246851385374     
   4.5000000000000000       0.22670025188916876     
   4.5999999999999996       0.23173803526448356     
   4.6999999999999993       0.23677581863979835     
   4.7999999999999998       0.24181360201511337     
   4.9000000000000004       0.24685138539042817     
   5.0000000000000000       0.25188916876574297     
   5.0999999999999996       0.25692695214105798     
   5.2000000000000002       0.26196473551637278     
   5.3000000000000007       0.26700251889168758     
   5.4000000000000004       0.27204030226700238     
   5.5000000000000000       0.27707808564231740     
   5.5999999999999996       0.28211586901763219     
   5.6999999999999993       0.28715365239294699     
   5.7999999999999998       0.29219143576826201     
   5.9000000000000004       0.29722921914357681     
   6.0000000000000000       0.30226700251889160     
   6.0999999999999996       0.30730478589420662     
   6.2000000000000002       0.31234256926952142     
   6.3000000000000007       0.31738035264483622     
   6.4000000000000004       0.32241813602015101     
   6.5000000000000000       0.32745591939546603     
   6.5999999999999996       0.33249370277078083     
   6.6999999999999993       0.33753148614609563     
   6.7999999999999998       0.34256926952141065     
   6.9000000000000004       0.34760705289672522     
   7.0000000000000000       0.35264483627204024     
   7.0999999999999996       0.35768261964735526     
   7.2000000000000002       0.36272040302266984     
   7.3000000000000007       0.36775818639798485     
   7.4000000000000004       0.37279596977329965     
   7.5000000000000000       0.37783375314861445     
   7.5999999999999996       0.38287153652392947     
   7.6999999999999993       0.38790931989924426     
   7.7999999999999998       0.39294710327455906     
   7.9000000000000004       0.39798488664987386     
   8.0000000000000000       0.40302267002518888     
   8.0999999999999996       0.40806045340050390     
   8.1999999999999993       0.41309823677581847     
   8.3000000000000007       0.41813602015113349     
   8.4000000000000004       0.42317380352644829     
   8.5000000000000000       0.42821158690176309     
   8.5999999999999996       0.43324937027707811     
   8.6999999999999993       0.43828715365239290     
   8.8000000000000007       0.44332493702770770     
   8.9000000000000004       0.44836272040302250     
   9.0000000000000000       0.45340050377833752     
   9.0999999999999996       0.45843828715365231     
   9.1999999999999993       0.46347607052896711     
   9.3000000000000007       0.46851385390428213     
   9.4000000000000004       0.47355163727959693     
   9.5000000000000000       0.47858942065491172     
   9.5999999999999996       0.48362720403022674     
   9.6999999999999993       0.48866498740554154     
   9.8000000000000007       0.49370277078085634     
   9.9000000000000004       0.49874055415617113     
   10.000000000000000       0.50377833753148615     
   10.100000000000000       0.50881612090680095     
   10.199999999999999       0.51385390428211575     
   10.300000000000001       0.51889168765743077     
   10.400000000000000       0.52392947103274534     
   10.500000000000000       0.52896725440806036     
   10.600000000000000       0.53400503778337538     
   10.699999999999999       0.53904282115868996     
   10.800000000000001       0.54408060453400497     
   10.900000000000000       0.54911838790931977     
   11.000000000000000       0.55415617128463479     
   11.100000000000000       0.55919395465994959     
   11.199999999999999       0.56423173803526439     
   11.300000000000001       0.56926952141057940     
   11.400000000000000       0.57430730478589398     
   11.500000000000000       0.57934508816120900     
   11.600000000000000       0.58438287153652402     
   11.699999999999999       0.58942065491183859     
   11.800000000000001       0.59445843828715361     
   11.900000000000000       0.59949622166246841     
   12.000000000000000       0.60453400503778321     
   12.100000000000000       0.60957178841309823     
   12.199999999999999       0.61460957178841280     
   12.300000000000001       0.61964735516372804     
   12.400000000000000       0.62468513853904262     
   12.500000000000000       0.62972292191435764     
   12.600000000000000       0.63476070528967243     
   12.699999999999999       0.63979848866498701     
   12.800000000000001       0.64483627204030247     
   12.900000000000000       0.64987405541561705     
   13.000000000000000       0.65491183879093184     
   13.100000000000000       0.65994962216624686     
   13.199999999999999       0.66498740554156144     
   13.300000000000001       0.67002518891687668     
   13.400000000000000       0.67506297229219125     
   13.500000000000000       0.68010075566750627     
   13.600000000000000       0.68513853904282107     
   13.699999999999999       0.69017632241813565     
   13.800000000000001       0.69521410579345111     
   13.900000000000000       0.70025188916876568     
   14.000000000000000       0.70528967254408048     
   14.100000000000000       0.71032745591939550     
   14.199999999999999       0.71536523929471008     
   14.300000000000001       0.72040302267002532     
   14.400000000000000       0.72544080604533989     
   14.500000000000000       0.73047858942065491     
   14.600000000000000       0.73551637279596971     
   14.699999999999999       0.74055415617128428     
   14.800000000000001       0.74559193954659952     
   14.900000000000000       0.75062972292191410     
   15.000000000000000       0.75566750629722912     
   15.100000000000000       0.76070528967254414     
   15.199999999999999       0.76574307304785871     
   15.300000000000001       0.77078085642317395     
   15.400000000000000       0.77581863979848853     
   15.500000000000000       0.78085642317380333     
   15.600000000000000       0.78589420654911835     
   15.699999999999999       0.79093198992443292     
   15.800000000000001       0.79596977329974816     
   15.900000000000000       0.80100755667506274     
   16.000000000000000       0.80604534005037776     
   16.100000000000001       0.81108312342569278     
   16.199999999999999       0.81612090680100713     
   16.299999999999997       0.82115869017632215     
   16.399999999999999       0.82619647355163717     
   16.500000000000000       0.83123425692695196     
   16.600000000000001       0.83627204030226698     
   16.700000000000003       0.84130982367758200     
   16.800000000000001       0.84634760705289680     
   16.899999999999999       0.85138539042821137     
   17.000000000000000       0.85642317380352639     
   17.100000000000001       0.86146095717884119     
   17.199999999999999       0.86649874055415577     
   17.299999999999997       0.87153652392947079     
   17.399999999999999       0.87657430730478580     
   17.500000000000000       0.88161209068010060     
   17.600000000000001       0.88664987405541562     
   17.700000000000003       0.89168765743073042     
   17.800000000000001       0.89672544080604544     
   17.899999999999999       0.90176322418136001     
   18.000000000000000       0.90680100755667503     
   18.100000000000001       0.91183879093198983     
   18.199999999999999       0.91687657430730440     
   18.299999999999997       0.92191435768261942     
   18.399999999999999       0.92695214105793422     
   18.500000000000000       0.93198992443324924     
   18.600000000000001       0.93702770780856426     
   18.700000000000003       0.94206549118387906     
   18.800000000000001       0.94710327455919407     
   18.899999999999999       0.95214105793450865     
   19.000000000000000       0.95717884130982367     
   19.100000000000001       0.96221662468513847     
   19.199999999999999       0.96725440806045304     
   19.299999999999997       0.97229219143576806     
   19.399999999999999       0.97732997481108286     
   19.500000000000000       0.98236775818639788     
   19.600000000000001       0.98740554156171290     
   19.700000000000003       0.99244332493702769     
   19.800000000000001       0.99748110831234271     
   19.899999999999999        1.0025188916876573     
   20.000000000000000        1.0075566750629723     
   20.100000000000001        1.0125944584382873     
   20.199999999999999        1.0176322418136015     
   20.299999999999997        1.0226700251889165     
   20.399999999999999        1.0277078085642315     
   20.500000000000000        1.0327455919395465     
   20.600000000000001        1.0377833753148615     
   20.700000000000003        1.0428211586901766     
   20.800000000000001        1.0478589420654911     
   20.899999999999999        1.0528967254408057     
   21.000000000000000        1.0579345088161207     
   21.100000000000001        1.0629722921914357     
   21.199999999999999        1.0680100755667503     
   21.299999999999997        1.0730478589420653     
   21.399999999999999        1.0780856423173804     
   21.500000000000000        1.0831234256926949     
   21.600000000000001        1.0881612090680099     
   21.700000000000003        1.0931989924433250     
   21.800000000000001        1.0982367758186400     
   21.899999999999999        1.1032745591939546     
   22.000000000000000        1.1083123425692696     
   22.100000000000001        1.1133501259445842     
   22.199999999999999        1.1183879093198987     
   22.299999999999997        1.1234256926952138     
   22.399999999999999        1.1284634760705288     
   22.500000000000000        1.1335012594458438     
   22.600000000000001        1.1385390428211588     
   22.700000000000003        1.1435768261964734     
   22.800000000000001        1.1486146095717884     
   22.899999999999999        1.1536523929471030     
   23.000000000000000        1.1586901763224180     
   23.100000000000001        1.1637279596977330     
   23.199999999999999        1.1687657430730476     
   23.299999999999997        1.1738035264483626     
   23.399999999999999        1.1788413098236772     
   23.500000000000000        1.1838790931989922     
   23.600000000000001        1.1889168765743072     
   23.700000000000003        1.1939546599496222     
   23.800000000000001        1.1989924433249373     
   23.899999999999999        1.2040302267002518     
   24.000000000000000        1.2090680100755664     
   24.100000000000001        1.2141057934508814     
   24.199999999999999        1.2191435768261960     
   24.299999999999997        1.2241813602015110     
   24.399999999999999        1.2292191435768260     
   24.500000000000000        1.2342569269521411     
   24.600000000000001        1.2392947103274556     
   24.700000000000003        1.2443324937027707     
   24.800000000000001        1.2493702770780857     
   24.899999999999999        1.2544080604534003     
   25.000000000000000        1.2594458438287153     
   25.100000000000001        1.2644836272040303     
   25.199999999999999        1.2695214105793449     
   25.299999999999997        1.2745591939546594     
   25.399999999999999        1.2795969773299745     
   25.500000000000000        1.2846347607052895     
   25.600000000000001        1.2896725440806045     
   25.700000000000003        1.2947103274559195     
   25.800000000000001        1.2997481108312345     
   25.899999999999999        1.3047858942065491     
   26.000000000000000        1.3098236775818637     
   26.100000000000001        1.3148614609571787     
   26.199999999999999        1.3198992443324933     
   26.299999999999997        1.3249370277078083     
   26.399999999999999        1.3299748110831233     
   26.500000000000000        1.3350125944584383     
   26.600000000000001        1.3400503778337529     
   26.700000000000003        1.3450881612090679     
   26.800000000000001        1.3501259445843830     
   26.899999999999999        1.3551637279596975     
   27.000000000000000        1.3602015113350125     
   27.100000000000001        1.3652392947103276     
   27.199999999999999        1.3702770780856421     
   27.299999999999997        1.3753148614609567     
   27.399999999999999        1.3803526448362717     
   27.500000000000000        1.3853904282115868     
   27.600000000000001        1.3904282115869018     
   27.700000000000003        1.3954659949622168     
   27.800000000000001        1.4005037783375314     
   27.899999999999999        1.4055415617128459     
   28.000000000000000        1.4105793450881610     
   28.100000000000001        1.4156171284634760     
   28.199999999999999        1.4206549118387906     
   28.299999999999997        1.4256926952141056     
   28.399999999999999        1.4307304785894206     
   28.500000000000000        1.4357682619647352     
   28.600000000000001        1.4408060453400502     
   28.700000000000003        1.4458438287153652     
   28.800000000000001        1.4508816120906802     
   28.899999999999999        1.4559193954659948     
   29.000000000000000        1.4609571788413098     
   29.100000000000001        1.4659949622166244     
   29.199999999999999        1.4710327455919390     
   29.299999999999997        1.4760705289672540     
   29.399999999999999        1.4811083123425690     
   29.500000000000000        1.4861460957178840     
   29.600000000000001        1.4911838790931990     
   29.700000000000003        1.4962216624685136     
   29.800000000000001        1.5012594458438286     
   29.899999999999999        1.5062972292191432     
   30.000000000000000        1.5113350125944582     
