test case solitary wave on a simple beach

results of non-hydrostatic model (using finite element model): non-linear shallow water model

results at non-dim. t = 55

1st column: location in meters
2nd column: ssh values in meters

  -109.90000000000001       -4.1256591977436775E-007
  -110.00000000000000       -8.1939700585545659E-008
  -109.80000000000000       -2.8219657199325299E-007
  -109.69999999999999       -2.9855011088612454E-007
  -109.59999999999999       -2.6940186711629531E-007
  -109.50000000000000       -3.0801273749849979E-007
  -109.40000000000001       -2.6045225848393990E-007
  -109.30000000000001       -3.2581694974803077E-007
  -109.20000000000000       -2.6194303550697301E-007
  -109.09999999999999       -3.3554781889125769E-007
  -109.00000000000000       -2.6755277418112321E-007
  -108.90000000000001       -3.5140297137913741E-007
  -108.80000000000000       -2.8135170428964329E-007
  -108.69999999999999       -3.7208485394415423E-007
  -108.59999999999999       -3.0620296451792860E-007
  -108.50000000000000       -3.9605535744214067E-007
  -108.40000000000001       -3.4533528848015349E-007
  -108.30000000000001       -4.2291471314950117E-007
  -108.20000000000000       -3.9990076795880715E-007
  -108.09999999999999       -4.5578030874590021E-007
  -108.00000000000000       -4.7078652743849032E-007
  -107.90000000000001       -4.9487884197432636E-007
  -107.80000000000000       -5.5575877680989532E-007
  -107.69999999999999       -5.4005770553952263E-007
  -107.59999999999999       -6.5071256320294741E-007
  -107.50000000000000       -5.9295255044210166E-007
  -107.40000000000001       -7.4679428904658059E-007
  -107.30000000000001       -6.4969363714493189E-007
  -107.20000000000000       -8.3594613679830598E-007
  -107.09999999999999       -7.0534806875808584E-007
  -107.00000000000000       -9.0667315575538606E-007
  -106.90000000000001       -7.6166628837158155E-007
  -106.80000000000000       -9.4736427629562025E-007
  -106.69999999999999       -8.2781302052856947E-007
  -106.59999999999999       -9.4594722730780788E-007
  -106.50000000000000       -9.0062231779999855E-007
  -106.40000000000001       -9.1619192775506164E-007
  -106.30000000000001       -9.9439556797156783E-007
  -106.20000000000000       -8.5794191382214561E-007
  -106.09999999999999       -1.0978657430191616E-006
  -106.00000000000000       -9.0458724101463755E-007
  -105.90000000000001       -1.2080971629210842E-006
  -105.80000000000000       -9.8209401786174685E-007
  -105.69999999999999       -1.3082760839427398E-006
  -105.59999999999999       -1.3783935869912668E-006
  -105.50000000000000       -1.3699615699908492E-006
  -105.40000000000001       -1.5493305189942450E-006
  -105.30000000000001       -1.6404006017679742E-006
  -105.20000000000000       -1.7954879914570240E-006
  -105.09999999999999       -1.6663619314449167E-006
  -105.00000000000000       -2.1097301653701461E-006
  -104.90000000000001       -1.9009324591550417E-006
  -104.80000000000000       -2.0508121343737403E-006
  -104.69999999999999       -2.0126624993608553E-006
  -104.59999999999999       -2.0417377629685032E-006
  -104.50000000000000       -2.2536330734312892E-006
  -104.40000000000001       -2.0998955974286525E-006
  -104.30000000000001       -2.3887106140161091E-006
  -104.20000000000000       -2.2282273915372002E-006
  -104.09999999999999       -2.6629029877364921E-006
  -104.00000000000000       -2.8368436025393504E-006
  -103.90000000000001       -2.8769407895963048E-006
  -103.80000000000000       -3.1181477436550092E-006
  -103.69999999999999       -3.1351550748925461E-006
  -103.59999999999999       -3.6467239345971891E-006
  -103.50000000000000       -3.4448707727827310E-006
  -103.40000000000001       -3.5429957830123284E-006
  -103.30000000000001       -3.6694755966928329E-006
  -103.20000000000000       -3.5786827399304897E-006
  -103.09999999999999       -4.0343807795002802E-006
  -103.00000000000000       -4.0526548448097079E-006
  -102.90000000000001       -4.3556714036449209E-006
  -102.80000000000000       -4.4611359109215519E-006
  -102.69999999999999       -4.7232320673855096E-006
  -102.59999999999999       -5.3334150445443436E-006
  -102.50000000000000       -5.1766323097244875E-006
  -102.40000000000001       -5.5021639648661333E-006
  -102.30000000000001       -5.5210519938091471E-006
  -102.20000000000000       -5.2787901093251901E-006
  -102.09999999999999       -5.9558038517652531E-006
  -102.00000000000000       -6.1868530229883240E-006
  -101.90000000000001       -6.5140439564519552E-006
  -101.80000000000000       -7.0748921550669108E-006
  -101.69999999999999       -6.9993675086507616E-006
  -101.59999999999999       -7.2085150038995719E-006
  -101.50000000000000       -7.5030144358192197E-006
  -101.40000000000001       -7.6465550466883637E-006
  -101.30000000000001       -8.1113315484166041E-006
  -101.20000000000000       -8.4639260102952838E-006
  -101.09999999999999       -8.7337693246893258E-006
  -101.00000000000000       -9.1009671080486336E-006
  -100.90000000000001       -9.3634468970981425E-006
  -100.80000000000000       -9.6767047101075854E-006
  -100.69999999999999       -1.0054027500446530E-005
  -100.59999999999999       -1.0396692055477178E-005
  -100.50000000000000       -1.0780999875805230E-005
  -100.40000000000001       -1.1167625663111250E-005
  -100.30000000000001       -1.1537712750211827E-005
  -100.20000000000000       -1.1936687458372465E-005
  -100.09999999999999       -1.2341112296612018E-005
  -100.00000000000000       -1.2748663510372990E-005
  -99.900000000000006       -1.3175896212919022E-005
  -99.799999999999997       -1.3612166804265563E-005
  -99.699999999999989       -1.4053602525633457E-005
  -99.599999999999994       -1.4506845437418711E-005
  -99.500000000000000       -1.4971038960469985E-005
  -99.400000000000006       -1.5440383607391049E-005
  -99.300000000000011       -1.5919211664956434E-005
  -99.200000000000003       -1.6412218288687285E-005
  -99.099999999999994       -1.6911418788313189E-005
  -99.000000000000000       -1.7417192384185588E-005
  -98.900000000000006       -1.7936086370627998E-005
  -98.799999999999997       -1.8461084796680780E-005
  -98.699999999999989       -1.8990616823904815E-005
  -98.599999999999994       -1.9533864951805709E-005
  -98.500000000000000       -2.0085545126393595E-005
  -98.400000000000006       -2.0638477165960764E-005
  -98.300000000000011       -2.1200602606693410E-005
  -98.200000000000003       -2.1772592211294656E-005
  -98.099999999999994       -2.2346916863831872E-005
  -98.000000000000000       -2.2928300963597839E-005
  -97.900000000000006       -2.3518384951667427E-005
  -97.799999999999997       -2.4108262906470117E-005
  -97.699999999999989       -2.4701455916908247E-005
  -97.599999999999994       -2.5305147856192925E-005
  -97.500000000000000       -2.5910295427121705E-005
  -97.400000000000006       -2.6513038541561762E-005
  -97.300000000000011       -2.7121856997351278E-005
  -97.200000000000003       -2.7733829987161123E-005
  -97.099999999999994       -2.8342350264924924E-005
  -97.000000000000000       -2.8953484031699723E-005
  -96.900000000000006       -2.9566909785388062E-005
  -96.799999999999997       -3.0174087593061652E-005
  -96.699999999999989       -3.0779210964558768E-005
  -96.599999999999994       -3.1387087500245896E-005
  -96.500000000000000       -3.1988828919781976E-005
  -96.400000000000006       -3.2582973928323738E-005
  -96.300000000000011       -3.3176500632887755E-005
  -96.200000000000003       -3.3764170697920822E-005
  -96.099999999999994       -3.4340553237975505E-005
  -96.000000000000000       -3.4912961315548385E-005
  -95.900000000000006       -3.5480235130391061E-005
  -95.799999999999997       -3.6032756039532482E-005
  -95.699999999999989       -3.6574401835203600E-005
  -95.599999999999994       -3.7110945382426662E-005
  -95.500000000000000       -3.7634154841349011E-005
  -95.400000000000006       -3.8141082161362965E-005
  -95.300000000000011       -3.8638000769294247E-005
  -95.200000000000003       -3.9121339858579166E-005
  -95.099999999999994       -3.9585788600299213E-005
  -95.000000000000000       -4.0037422995887967E-005
  -94.900000000000006       -4.0475590090714696E-005
  -94.799999999999997       -4.0890902303595769E-005
  -94.699999999999989       -4.1286768187348372E-005
  -94.599999999999994       -4.1670625554511334E-005
  -94.500000000000000       -4.2034299456047393E-005
  -94.400000000000006       -4.2371860043060272E-005
  -94.300000000000011       -4.2691195530565597E-005
  -94.200000000000003       -4.2993177202336904E-005
  -94.099999999999994       -4.3269701009311229E-005
  -94.000000000000000       -4.3522948038685121E-005
  -93.900000000000006       -4.3756847791780462E-005
  -93.799999999999997       -4.3965359235094833E-005
  -93.699999999999989       -4.4147542157339242E-005
  -93.599999999999994       -4.4310222598046062E-005
  -93.500000000000000       -4.4449409361039601E-005
  -93.400000000000006       -4.4558239613092804E-005
  -93.300000000000011       -4.4643194832875323E-005
  -93.200000000000003       -4.4708902502387391E-005
  -93.099999999999994       -4.4746668770800763E-005
  -93.000000000000000       -4.4754784489934601E-005
  -92.900000000000006       -4.4741594024409479E-005
  -92.799999999999997       -4.4705739448242132E-005
  -92.699999999999989       -4.4640327227702691E-005
  -92.599999999999994       -4.4549857795082181E-005
  -92.500000000000000       -4.4438543536761007E-005
  -92.400000000000006       -4.4300648017070586E-005
  -92.300000000000011       -4.4135454076670724E-005
  -92.200000000000003       -4.3950030549811932E-005
  -92.099999999999994       -4.3742296228055190E-005
  -92.000000000000000       -4.3506848735204486E-005
  -91.900000000000006       -4.3248949531815734E-005
  -91.799999999999997       -4.2973411004391216E-005
  -91.699999999999989       -4.2674003451471149E-005
  -91.599999999999994       -4.2349661923099662E-005
  -91.500000000000000       -4.2008075646711444E-005
  -91.400000000000006       -4.1649124715977123E-005
  -91.300000000000011       -4.1266528769988157E-005
  -91.200000000000003       -4.0864536045184681E-005
  -91.099999999999994       -4.0449206055805338E-005
  -91.000000000000000       -4.0016050055369474E-005
  -90.900000000000006       -3.9562049532469928E-005
  -90.799999999999997       -3.9094812221400606E-005
  -90.699999999999989       -3.8616407369966994E-005
  -90.599999999999994       -3.8120749150188974E-005
  -90.500000000000000       -3.7609191190663668E-005
  -90.400000000000006       -3.7089446306409571E-005
  -90.300000000000011       -3.6559519943792035E-005
  -90.200000000000003       -3.6014858385240855E-005
  -90.099999999999994       -3.5460248616302718E-005
  -90.000000000000000       -3.4900724241497579E-005
  -89.900000000000006       -3.4331744861591034E-005
  -89.799999999999997       -3.3752324768887603E-005
  -89.699999999999989       -3.3168720577712575E-005
  -89.599999999999994       -3.2581986291806634E-005
  -89.500000000000000       -3.1987019925473107E-005
  -89.400000000000006       -3.1386816726703345E-005
  -89.300000000000011       -3.0787174163257060E-005
  -89.200000000000003       -3.0185441670252034E-005
  -89.099999999999994       -2.9577541057484346E-005
  -89.000000000000000       -2.8969509767150888E-005
  -88.900000000000006       -2.8365407519222500E-005
  -88.799999999999997       -2.7760209702160237E-005
  -88.699999999999989       -2.7151700970775390E-005
  -88.599999999999994       -2.6547334873135462E-005
  -88.500000000000000       -2.5948915346886161E-005
  -88.400000000000006       -2.5350723104970022E-005
  -88.300000000000011       -2.4752577751277178E-005
  -88.200000000000003       -2.4161708902330007E-005
  -88.099999999999994       -2.3577700108453065E-005
  -88.000000000000000       -2.2995581498152977E-005
  -87.900000000000006       -2.2416987442725626E-005
  -87.799999999999997       -2.1847731853205770E-005
  -87.699999999999989       -2.1285475637706477E-005
  -87.599999999999994       -2.0726878700883453E-005
  -87.500000000000000       -2.0175042822452743E-005
  -87.400000000000006       -1.9633816491474681E-005
  -87.300000000000011       -1.9099281934857873E-005
  -87.200000000000003       -1.8569971194712706E-005
  -87.099999999999994       -1.8050129062445574E-005
  -87.000000000000000       -1.7541699699955328E-005
  -86.900000000000006       -1.7039489767152348E-005
  -86.799999999999997       -1.6543619095411770E-005
  -86.699999999999989       -1.6059200031580858E-005
  -86.599999999999994       -1.5586769695242095E-005
  -86.500000000000000       -1.5120138526276309E-005
  -86.400000000000006       -1.4660415361283993E-005
  -86.300000000000011       -1.4213303956373909E-005
  -86.200000000000003       -1.3778631759227481E-005
  -86.099999999999994       -1.3349528919952770E-005
  -86.000000000000000       -1.2927418306719641E-005
  -85.900000000000006       -1.2518257386939911E-005
  -85.799999999999997       -1.2121830674746866E-005
  -85.699999999999989       -1.1730984232628317E-005
  -85.599999999999994       -1.1346910352352359E-005
  -85.500000000000000       -1.0975399227878891E-005
  -85.400000000000006       -1.0616651936074911E-005
  -85.300000000000011       -1.0263697049198504E-005
  -85.200000000000003       -9.9172173424721312E-006
  -85.099999999999994       -9.5823706712299169E-006
  -85.000000000000000       -9.2599349993932533E-006
  -84.900000000000006       -8.9435887391235238E-006
  -84.799999999999997       -8.6335346625407257E-006
  -84.699999999999989       -8.3338808726649912E-006
  -84.599999999999994       -8.0458478232267055E-006
  -84.500000000000000       -7.7641236008321116E-006
  -84.400000000000006       -7.4887174159576463E-006
  -84.300000000000011       -7.2224306627985667E-006
  -84.200000000000003       -6.9665896571576036E-006
  -84.099999999999994       -6.7170362137331470E-006
  -84.000000000000000       -6.4740018119668738E-006
  -83.900000000000006       -6.2389762646679263E-006
  -83.799999999999997       -6.0130055951982294E-006
  -83.699999999999989       -5.7929476416946851E-006
  -83.599999999999994       -5.5796340148225442E-006
  -83.500000000000000       -5.3735214186477742E-006
  -83.400000000000006       -5.1751097071651616E-006
  -83.300000000000011       -4.9818622946658919E-006
  -83.200000000000003       -4.7953914237623294E-006
  -83.099999999999994       -4.6156298265894179E-006
  -83.000000000000000       -4.4425224389629254E-006
  -82.900000000000006       -4.2735512049522027E-006
  -82.799999999999997       -4.1109900067064455E-006
  -82.699999999999989       -3.9548514420538373E-006
  -82.599999999999994       -3.8048322028053916E-006
  -82.500000000000000       -3.6578380591060990E-006
  -82.400000000000006       -3.5163798501933872E-006
  -82.300000000000011       -3.3810571206800925E-006
  -82.200000000000003       -3.2518912581352593E-006
  -82.099999999999994       -3.1248107858151207E-006
  -82.000000000000000       -3.0019392111746947E-006
  -81.900000000000006       -2.8846776787926122E-006
  -81.799999999999997       -2.7740531788770116E-006
  -81.699999999999989       -2.6649834941187366E-006
  -81.599999999999994       -2.5585846152697530E-006
  -81.500000000000000       -2.4568463739088341E-006
  -81.400000000000006       -2.3623546000375054E-006
  -81.300000000000011       -2.2694310976744973E-006
  -81.200000000000003       -2.1778205604174938E-006
  -81.099999999999994       -2.0894489220847453E-006
  -81.000000000000000       -2.0086386917306684E-006
  -80.900000000000006       -1.9299120961984786E-006
  -80.799999999999997       -1.8517566908429477E-006
  -80.699999999999989       -1.7750931487316851E-006
  -80.599999999999994       -1.7056132208564224E-006
  -80.500000000000000       -1.6389835416474218E-006
  -80.400000000000006       -1.5731219155567668E-006
  -80.300000000000011       -1.5070220408854942E-006
  -80.200000000000003       -1.4468343275757899E-006
  -80.099999999999994       -1.3900962403055050E-006
  -80.000000000000000       -1.3353013820551555E-006
  -79.900000000000006       -1.2790089944894772E-006
  -79.799999999999997       -1.2266120732131714E-006
  -79.699999999999989       -1.1776399192464006E-006
  -79.599999999999994       -1.1324092657316052E-006
  -79.500000000000000       -1.0852884004463432E-006
  -79.400000000000006       -1.0398504190587485E-006
  -79.300000000000011       -9.9689489474686372E-007
  -79.200000000000003       -9.5938378925734368E-007
  -79.099999999999994       -9.2057735052291126E-007
  -79.000000000000000       -8.8186492002490636E-007
  -78.900000000000006       -8.4385382212960385E-007
  -78.799999999999997       -8.1205269043117475E-007
  -78.699999999999989       -7.8021730231572480E-007
  -78.599999999999994       -7.4825763694152377E-007
  -78.500000000000000       -7.1492261206836000E-007
  -78.400000000000006       -6.8708465741212408E-007
  -78.300000000000011       -6.6039341279193874E-007
  -78.200000000000003       -6.3494251429661888E-007
  -78.099999999999994       -6.0659677520583059E-007
  -78.000000000000000       -5.8175068768917240E-007
  -77.900000000000006       -5.5828513584226001E-007
  -77.799999999999997       -5.3835914792023950E-007
  -77.699999999999989       -5.1529351485244860E-007
  -77.599999999999994       -4.9349906763615131E-007
  -77.500000000000000       -4.7191706344090828E-007
  -77.400000000000006       -4.5573993886734926E-007
  -77.300000000000011       -4.3746827240856602E-007
  -77.200000000000003       -4.1943563271072622E-007
  -77.099999999999994       -3.9944181497621595E-007
  -77.000000000000000       -3.8493525619354306E-007
  -76.900000000000006       -3.6966833699849636E-007
  -76.799999999999997       -3.5551621685990333E-007
  -76.699999999999989       -3.3727736188794244E-007
  -76.599999999999994       -3.2238598709619427E-007
  -76.500000000000000       -3.0655035851585681E-007
  -76.400000000000006       -2.9337124695239448E-007
  -76.300000000000011       -2.7441778086911503E-007
  -76.200000000000003       -2.5474953570859778E-007
  -76.099999999999994       -2.3008650918712324E-007
  -76.000000000000000       -2.0618542215144463E-007
  -75.900000000000006       -1.7241859261599974E-007
  -75.799999999999997       -1.3030220387659140E-007
  -75.699999999999989       -7.1191489102158188E-008
  -75.599999999999994        2.9059678381705382E-010
  -75.500000000000000        9.7312101299732310E-008
  -75.400000000000006        2.2245582304296078E-007
  -75.300000000000011        3.9366624998350319E-007
  -75.200000000000003        6.1376745260962702E-007
  -75.099999999999994        9.0235846579999078E-007
  -75.000000000000000        1.2675520456519413E-006
  -74.900000000000006        1.7382977019331275E-006
  -74.799999999999997        2.3283207972379868E-006
  -74.699999999999989        3.0661826497137553E-006
  -74.599999999999994        3.9640893449132940E-006
  -74.500000000000000        5.0529309345883043E-006
  -74.400000000000006        6.3461959863346567E-006
  -74.300000000000011        7.8678825800193941E-006
  -74.200000000000003        9.6176458146783459E-006
  -74.099999999999994        1.1601449741117660E-005
  -74.000000000000000        1.3800543097283134E-005
  -73.900000000000006        1.6200755314582893E-005
  -73.799999999999997        1.8758080797573875E-005
  -73.699999999999989        2.1428727929427997E-005
  -73.599999999999994        2.4139971011912299E-005
  -73.500000000000000        2.6832575176516228E-005
  -73.400000000000006        2.9424986203833419E-005
  -73.300000000000011        3.1863181592148805E-005
  -73.200000000000003        3.4076573202670635E-005
  -73.099999999999994        3.6043248666754912E-005
  -73.000000000000000        3.7735912096199190E-005
  -72.900000000000006        3.9193712083242742E-005
  -72.799999999999997        4.0450898212287230E-005
  -72.699999999999989        4.1599837878018370E-005
  -72.599999999999994        4.2717480601191234E-005
  -72.500000000000000        4.3915053899645593E-005
  -72.400000000000006        4.5270252707896206E-005
  -72.300000000000011        4.6855231661684483E-005
  -72.200000000000003        4.8685726997964533E-005
  -72.099999999999994        5.0746086378690223E-005
  -72.000000000000000        5.2960422005387294E-005
  -71.900000000000006        5.5242330129343835E-005
  -71.799999999999997        5.7463676358312993E-005
  -71.699999999999989        5.9539915579427765E-005
  -71.599999999999994        6.1374088074986159E-005
  -71.500000000000000        6.2971433800768382E-005
  -71.400000000000006        6.4344058264537921E-005
  -71.300000000000011        6.5613005998114992E-005
  -71.200000000000003        6.6885959667453422E-005
  -71.099999999999994        6.8311203075840829E-005
  -71.000000000000000        6.9976405384450721E-005
  -70.900000000000006        7.1931117583497680E-005
  -70.799999999999997        7.4134063031777679E-005
  -70.699999999999989        7.6497150007077407E-005
  -70.599999999999994        7.8860032023691181E-005
  -70.500000000000000        8.1104615630389889E-005
  -70.400000000000006        8.3098410611104684E-005
  -70.300000000000011        8.4858674584378842E-005
  -70.200000000000003        8.6418578234899346E-005
  -70.099999999999994        8.7952263256353688E-005
  -70.000000000000000        8.9603185103785641E-005
  -69.900000000000006        9.1525711093053231E-005
  -69.799999999999997        9.3767647513737261E-005
  -69.699999999999989        9.6295211396073090E-005
  -69.599999999999994        9.8956692959244530E-005
  -69.500000000000000        1.0159811147448346E-004
  -69.400000000000006        1.0402404266057114E-004
  -69.300000000000011        1.0620951678394708E-004
  -69.200000000000003        1.0815371904378608E-004
  -69.099999999999994        1.1005487612936818E-004
  -69.000000000000000        1.1208241953350436E-004
  -68.900000000000006        1.1442328261079464E-004
  -68.799999999999997        1.1712312340581567E-004
  -68.699999999999989        1.2011650900949342E-004
  -68.599999999999994        1.2319365558085020E-004
  -68.500000000000000        1.2618076209040997E-004
  -68.400000000000006        1.2888093059788250E-004
  -68.300000000000011        1.3135213633020881E-004
  -68.200000000000003        1.3368097113170238E-004
  -68.099999999999994        1.3614105496886030E-004
  -68.000000000000000        1.3891154237925425E-004
  -67.900000000000006        1.4209129635056256E-004
  -67.799999999999997        1.4557530142978985E-004
  -67.699999999999989        1.4917373656636707E-004
  -67.599999999999994        1.5259287281993035E-004
  -67.500000000000000        1.5576356304568482E-004
  -67.400000000000006        1.5865541778414049E-004
  -67.300000000000011        1.6154656284580077E-004
  -67.200000000000003        1.6466135640402497E-004
  -67.099999999999994        1.6820757333157294E-004
  -67.000000000000000        1.7215464586154303E-004
  -66.900000000000006        1.7632686439918372E-004
  -66.799999999999997        1.8038448508940098E-004
  -66.699999999999989        1.8420407810803267E-004
  -66.599999999999994        1.8770002160213304E-004
  -66.500000000000000        1.9117266472873747E-004
  -66.400000000000006        1.9487108243444374E-004
  -66.300000000000011        1.9904047501094339E-004
  -66.200000000000003        2.0364012110533314E-004
  -66.099999999999994        2.0846513405748372E-004
  -66.000000000000000        2.1312604686435209E-004
  -65.900000000000006        2.1752583525454073E-004
  -65.799999999999997        2.2161981205254169E-004
  -65.699999999999989        2.2578926792834488E-004
  -65.599999999999994        2.3030715807177007E-004
  -65.500000000000000        2.3536180182025392E-004
  -65.400000000000006        2.4078625563633173E-004
  -65.300000000000011        2.4630288830658617E-004
  -65.200000000000003        2.5149663549239734E-004
  -65.099999999999994        2.5642487230917850E-004
  -65.000000000000000        2.6120458168656764E-004
  -64.900000000000006        2.6630360810280830E-004
  -64.799999999999997        2.7193099953668582E-004
  -64.699999999999989        2.7806694518625906E-004
  -64.599999999999994        2.8430778766596368E-004
  -64.500000000000000        2.9038539959659138E-004
  -64.400000000000006        2.9602513065997470E-004
  -64.300000000000011        3.0159356975519990E-004
  -64.200000000000003        3.0740602528829504E-004
  -64.099999999999994        3.1382096155061753E-004
  -64.000000000000000        3.2073063482024073E-004
  -63.899999999999999        3.2783110954088260E-004
  -63.799999999999997        3.3458396872002651E-004
  -63.700000000000003        3.4105227821871093E-004
  -63.600000000000001        3.4736694482649351E-004
  -63.500000000000000        3.5410545881333900E-004
  -63.399999999999999        3.6146042467727774E-004
  -63.299999999999997        3.6932721736774969E-004
  -63.200000000000003        3.7713374670607120E-004
  -63.100000000000001        3.8467180038397964E-004
  -63.000000000000000        3.9177937174783957E-004
  -62.899999999999999        3.9905721139896064E-004
  -62.799999999999997        4.0686107532404128E-004
  -62.700000000000003        4.1535451965551208E-004
  -62.600000000000001        4.2407271090786871E-004
  -62.500000000000000        4.3265865708299066E-004
  -62.399999999999999        4.4069070675194330E-004
  -62.299999999999997        4.4869053178528249E-004
  -62.200000000000003        4.5705137748816739E-004
  -62.100000000000001        4.6616573236506296E-004
  -62.000000000000000        4.7570079262562292E-004
  -61.899999999999999        4.8524872008849233E-004
  -61.799999999999997        4.9420481073860682E-004
  -61.700000000000003        5.0300737796919932E-004
  -61.600000000000001        5.1203125249628964E-004
  -61.500000000000000        5.2182778540724672E-004
  -61.399999999999999        5.3214820739816741E-004
  -61.299999999999997        5.4257295658751553E-004
  -61.200000000000003        5.5237819272691588E-004
  -61.100000000000001        5.6197521747915972E-004
  -61.000000000000000        5.7172664650389214E-004
  -60.899999999999999        5.8227675251792726E-004
  -60.799999999999997        5.9337883518041396E-004
  -60.700000000000003        6.0459765765977366E-004
  -60.600000000000001        6.1513754010605892E-004
  -60.500000000000000        6.2547021234306223E-004
  -60.399999999999999        6.3598342228398004E-004
  -60.299999999999997        6.4734517773244694E-004
  -60.200000000000003        6.5920803591170091E-004
  -60.100000000000001        6.7110929441961860E-004
  -60.000000000000000        6.8223994898610146E-004
  -59.899999999999999        6.9323559200712859E-004
  -59.799999999999997        7.0454113374575692E-004
  -59.700000000000003        7.1675001170648479E-004
  -59.600000000000001        7.2929520849642025E-004
  -59.500000000000000        7.4171199974298635E-004
  -59.399999999999999        7.5328250573571955E-004
  -59.299999999999997        7.6489774088729038E-004
  -59.200000000000003        7.7703437444863368E-004
  -59.100000000000001        7.9006865837737443E-004
  -59.000000000000000        8.0311161838792628E-004
  -58.899999999999999        8.1581709615712310E-004
  -58.799999999999997        8.2772647922112869E-004
  -58.700000000000003        8.3999796351337563E-004
  -58.600000000000001        8.5298946004059390E-004
  -58.500000000000000        8.6670696874345456E-004
  -58.399999999999999        8.7993954130200067E-004
  -58.299999999999997        8.9270717853160580E-004
  -58.200000000000003        9.0498616695325622E-004
  -58.100000000000001        9.1802886696098378E-004
  -58.000000000000000        9.3177257661535885E-004
  -57.899999999999999        9.4582846658931104E-004
  -57.799999999999997        9.5889717529636521E-004
  -57.700000000000003        9.7165479564034177E-004
  -57.600000000000001        9.8450950442013668E-004
  -57.500000000000000        9.9839651112648979E-004
  -57.399999999999999        1.0125119597765213E-003
  -57.299999999999997        1.0263857613905117E-003
  -57.200000000000003        1.0391282836522951E-003
  -57.100000000000001        1.0521126379689459E-003
  -57.000000000000000        1.0657547082024662E-003
  -56.899999999999999        1.0802354207020081E-003
  -56.799999999999997        1.0940509695081945E-003
  -56.700000000000003        1.1073373016646556E-003
  -56.600000000000001        1.1200508498681809E-003
  -56.500000000000000        1.1337016525527750E-003
  -56.399999999999999        1.1479226119336383E-003
  -56.299999999999997        1.1622484722098808E-003
  -56.200000000000003        1.1752259553628967E-003
  -56.100000000000001        1.1881215116714061E-003
  -56.000000000000000        1.2014201753098080E-003
  -55.899999999999999        1.2157907096952347E-003
  -55.799999999999997        1.2296921843539151E-003
  -55.700000000000003        1.2430543515850577E-003
  -55.600000000000001        1.2554834982287143E-003
  -55.500000000000000        1.2687984623141694E-003
  -55.399999999999999        1.2827411283028748E-003
  -55.299999999999997        1.2969266871409226E-003
  -55.200000000000003        1.3096063515520991E-003
  -55.100000000000001        1.3221629818780539E-003
  -55.000000000000000        1.3350569571615827E-003
  -54.899999999999999        1.3491076214866458E-003
  -54.799999999999997        1.3625359859153706E-003
  -54.700000000000003        1.3753992316787493E-003
  -54.600000000000001        1.3873054947435750E-003
  -54.500000000000000        1.4002725968686263E-003
  -54.399999999999999        1.4137455784357363E-003
  -54.299999999999997        1.4273042972033322E-003
  -54.200000000000003        1.4391520208845759E-003
  -54.100000000000001        1.4511478107935068E-003
  -54.000000000000000        1.4636815240615438E-003
  -53.899999999999999        1.4772758317530869E-003
  -53.799999999999997        1.4896937142952797E-003
  -53.700000000000003        1.5015739157667250E-003
  -53.600000000000001        1.5129244661253912E-003
  -53.500000000000000        1.5256477120600635E-003
  -53.399999999999999        1.5383668764375649E-003
  -53.299999999999997        1.5507540076080057E-003
  -53.200000000000003        1.5614953988198294E-003
  -53.100000000000001        1.5730468830648155E-003
  -53.000000000000000        1.5852745450750712E-003
  -52.899999999999999        1.5980318353405983E-003
  -52.799999999999997        1.6089045255478862E-003
  -52.700000000000003        1.6197127623661664E-003
  -52.600000000000001        1.6308526156007803E-003
  -52.500000000000000        1.6433199133365083E-003
  -52.399999999999999        1.6546212903927684E-003
  -52.299999999999997        1.6653677048096309E-003
  -52.200000000000003        1.6754030873126582E-003
  -52.100000000000001        1.6869624642198450E-003
  -52.000000000000000        1.6984271778033232E-003
  -51.899999999999999        1.7095253182923284E-003
  -51.799999999999997        1.7189018852248994E-003
  -51.700000000000003        1.7293565276104070E-003
  -51.600000000000001        1.7404397814614644E-003
  -51.500000000000000        1.7518402608010957E-003
  -51.399999999999999        1.7611019519359757E-003
  -51.299999999999997        1.7706877997197452E-003
  -51.200000000000003        1.7809282350889333E-003
  -51.100000000000001        1.7922519573641605E-003
  -51.000000000000000        1.8017390854080293E-003
  -50.899999999999999        1.8108979146438924E-003
  -50.799999999999997        1.8201222586809135E-003
  -50.700000000000003        1.8309225636802997E-003
  -50.600000000000001        1.8406734066602718E-003
  -50.500000000000000        1.8498008997354317E-003
  -50.399999999999999        1.8581247808963821E-003
  -50.299999999999997        1.8680929069801937E-003
  -50.200000000000003        1.8779171156640916E-003
  -50.100000000000001        1.8872195864345065E-003
  -50.000000000000000        1.8949265206414686E-003
  -49.899999999999999        1.9039661532509993E-003
  -49.799999999999997        1.9135855314142524E-003
  -49.700000000000003        1.9230650707490757E-003
  -49.600000000000001        1.9304672668860694E-003
  -49.500000000000000        1.9386605213837012E-003
  -49.399999999999999        1.9478300317089592E-003
  -49.299999999999997        1.9573492146279328E-003
  -49.200000000000003        1.9646930485564952E-003
  -49.100000000000001        1.9722182090292535E-003
  -49.000000000000000        1.9807898320564590E-003
  -48.899999999999999        1.9901565044237461E-003
  -48.799999999999997        1.9975875244361598E-003
  -48.700000000000003        2.0046392123719788E-003
  -48.600000000000001        2.0125713003158832E-003
  -48.500000000000000        2.0216054236545213E-003
  -48.399999999999999        2.0291780774126995E-003
  -48.299999999999997        2.0359148329427645E-003
  -48.200000000000003        2.0432487141474830E-003
  -48.100000000000001        2.0518180121719123E-003
  -48.000000000000000        2.0595259486193454E-003
  -47.899999999999999        2.0660489227653824E-003
  -47.799999999999997        2.0728753641018893E-003
  -47.700000000000003        2.0809035444778272E-003
  -47.600000000000001        2.0887118405974476E-003
  -47.500000000000000        2.0950658028632582E-003
  -47.399999999999999        2.1014949557796162E-003
  -47.299999999999997        2.1089539461346522E-003
  -47.200000000000003        2.1168240642924106E-003
  -47.100000000000001        2.1230091939735715E-003
  -47.000000000000000        2.1291497386681747E-003
  -46.899999999999999        2.1360459701161246E-003
  -46.799999999999997        2.1439501427120674E-003
  -46.700000000000003        2.1499368446224552E-003
  -46.600000000000001        2.1558853912629901E-003
  -46.500000000000000        2.1622461180609434E-003
  -46.399999999999999        2.1701721494375541E-003
  -46.299999999999997        2.1759141630232500E-003
  -46.200000000000003        2.1817520582166762E-003
  -46.100000000000001        2.1876155850713368E-003
  -46.000000000000000        2.1955656886609395E-003
  -45.899999999999999        2.2010089482711937E-003
  -45.799999999999997        2.2068031745159132E-003
  -45.700000000000003        2.2122138392474430E-003
  -45.600000000000001        2.2201996609868364E-003
  -45.500000000000000        2.2252877797672064E-003
  -45.399999999999999        2.2310947138153418E-003
  -45.299999999999997        2.2361008824192045E-003
  -45.200000000000003        2.2441358176080537E-003
  -45.100000000000001        2.2488137386917563E-003
  -45.000000000000000        2.2546841233510137E-003
  -44.899999999999999        2.2593383565253987E-003
  -44.799999999999997        2.2674293162187652E-003
  -44.700000000000003        2.2716455168615719E-003
  -44.600000000000001        2.2776289243409405E-003
  -44.500000000000000        2.2819892960837915E-003
  -44.399999999999999        2.2901287071842549E-003
  -44.299999999999997        2.2938378912618338E-003
  -44.200000000000003        2.2999870593104431E-003
  -44.100000000000001        2.3041167607170572E-003
  -44.000000000000000        2.3122746537741936E-003
  -43.899999999999999        2.3154432359164621E-003
  -43.799999999999997        2.3218175855221554E-003
  -43.700000000000003        2.3257813526437261E-003
  -43.600000000000001        2.3339000016354143E-003
  -43.500000000000000        2.3365144267460843E-003
  -43.399999999999999        2.3431799828611348E-003
  -43.299999999999997        2.3470370237657703E-003
  -43.200000000000003        2.3550309022537571E-003
  -43.100000000000001        2.3571094180788147E-003
  -43.000000000000000        2.3641337370521320E-003
  -42.899999999999999        2.3679254873272722E-003
  -42.799999999999997        2.3756881255619098E-003
  -42.700000000000003        2.3772965328934343E-003
  -42.600000000000001        2.3847367216384718E-003
  -42.500000000000000        2.3884705382293189E-003
  -42.399999999999999        2.3958918937372238E-003
  -42.299999999999997        2.3971589916640871E-003
  -42.200000000000003        2.4050393950815247E-003
  -42.100000000000001        2.4086740668782733E-003
  -42.000000000000000        2.4156705199917666E-003
  -41.899999999999999        2.4167961703730821E-003
  -41.799999999999997        2.4250772962816063E-003
  -41.700000000000003        2.4285174440777102E-003
  -41.600000000000001        2.4350692992835964E-003
  -41.500000000000000        2.4363170085599656E-003
  -41.399999999999999        2.4448639201035322E-003
  -41.299999999999997        2.4479731498133392E-003
  -41.200000000000003        2.4541590271133381E-003
  -41.100000000000001        2.4558215993114424E-003
  -41.000000000000000        2.4643848444699701E-003
  -40.899999999999999        2.4670289446657480E-003
  -40.799999999999997        2.4730397578089426E-003
  -40.700000000000003        2.4753711771635903E-003
  -40.600000000000001        2.4836014266711760E-003
  -40.500000000000000        2.4857215115914192E-003
  -40.399999999999999        2.4918294920284402E-003
  -40.299999999999997        2.4949535033568157E-003
  -40.200000000000003        2.5024718017561585E-003
  -40.100000000000001        2.5041676962818359E-003
  -40.000000000000000        2.5106352578600742E-003
  -39.899999999999999        2.5144613835403591E-003
  -39.799999999999997        2.5209860755439385E-003
  -39.700000000000003        2.5225701809065289E-003
  -39.600000000000001        2.5295132138115385E-003
  -39.500000000000000        2.5337107943260726E-003
  -39.399999999999999        2.5392065204924708E-003
  -39.299999999999997        2.5411719969668451E-003
  -39.200000000000003        2.5484312802847272E-003
  -39.100000000000001        2.5525177968878667E-003
  -39.000000000000000        2.5572916142692212E-003
  -38.899999999999999        2.5601529977206648E-003
  -38.799999999999997        2.5672646486512257E-003
  -38.700000000000003        2.5708227857638654E-003
  -38.600000000000001        2.5754688241791338E-003
  -38.500000000000000        2.5795026380111725E-003
  -38.399999999999999        2.5858548488086339E-003
  -38.299999999999997        2.5888018989455304E-003
  -38.200000000000003        2.5939416880807957E-003
  -38.100000000000001        2.5989532025796147E-003
  -38.000000000000000        2.6041231862257101E-003
  -37.899999999999999        2.6068652342911892E-003
  -37.799999999999997        2.6127669694460689E-003
  -37.700000000000003        2.6180732818798019E-003
  -37.600000000000001        2.6221788214487924E-003
  -37.500000000000000        2.6254661267902297E-003
  -37.399999999999999        2.6317819118985529E-003
  -37.299999999999997        2.6365451257464052E-003
  -37.200000000000003        2.6403282795285686E-003
  -37.100000000000001        2.6447747882674885E-003
  -37.000000000000000        2.6506759008236599E-003
  -36.899999999999999        2.6544814095502988E-003
  -36.799999999999997        2.6589140184784233E-003
  -36.700000000000003        2.6644470931800829E-003
  -36.600000000000001        2.6692264039601733E-003
  -36.500000000000000        2.6724938316818785E-003
  -36.399999999999999        2.6780437745728995E-003
  -36.299999999999997        2.6837768970006835E-003
  -36.200000000000003        2.6875445158330217E-003
  -36.100000000000001        2.6913022309052043E-003
  -36.000000000000000        2.6974406335760733E-003
  -35.899999999999999        2.7022815009435058E-003
  -35.799999999999997        2.7060730516008159E-003
  -35.700000000000003        2.7110652213144203E-003
  -35.600000000000001        2.7166300575865786E-003
  -35.500000000000000        2.7202870610410252E-003
  -35.399999999999999        2.7252314651662266E-003
  -35.299999999999997        2.7310660091896775E-003
  -35.200000000000003        2.7354028796298230E-003
  -35.100000000000001        2.7388172962127168E-003
  -35.000000000000000        2.7449613433267557E-003
  -34.899999999999999        2.7503071357632951E-003
  -34.799999999999997        2.7541262363988497E-003
  -34.700000000000003        2.7586000516391161E-003
  -34.600000000000001        2.7646927427513552E-003
  -34.500000000000000        2.7686627750919497E-003
  -34.399999999999999        2.7734371176749897E-003
  -34.299999999999997        2.7791089638364917E-003
  -34.200000000000003        2.7839546992056942E-003
  -34.100000000000001        2.7872742167366392E-003
  -34.000000000000000        2.7934918015676117E-003
  -33.899999999999999        2.7989807758234796E-003
  -33.799999999999997        2.8030214328092252E-003
  -33.700000000000003        2.8073169323078544E-003
  -33.600000000000001        2.8136798359951749E-003
  -33.500000000000000        2.8177504487932855E-003
  -33.399999999999999        2.8226770885862217E-003
  -33.299999999999997        2.8283457578365439E-003
  -33.200000000000003        2.8333696678653529E-003
  -33.100000000000001        2.8367479241574321E-003
  -33.000000000000000        2.8431752965360981E-003
  -32.899999999999999        2.8486567298140644E-003
  -32.799999999999997        2.8528658074298296E-003
  -32.700000000000003        2.8574165810535605E-003
  -32.600000000000001        2.8637796209422138E-003
  -32.500000000000000        2.8677739058243180E-003
  -32.399999999999999        2.8730927869803332E-003
  -32.299999999999997        2.8790038223337460E-003
  -32.200000000000003        2.8838281249633810E-003
  -32.100000000000001        2.8874900903139542E-003
  -32.000000000000000        2.8941667105404595E-003
  -31.899999999999999        2.8994785449885530E-003
  -31.800000000000001        2.9038920198544049E-003
  -31.700000000000003        2.9091388486190521E-003
  -31.600000000000001        2.9151099177270419E-003
  -31.500000000000000        2.9189785074777187E-003
  -31.399999999999999        2.9249311691527690E-003
  -31.299999999999997        2.9310912570368114E-003
  -31.199999999999999        2.9355272266616416E-003
  -31.100000000000001        2.9399161570155103E-003
  -31.000000000000000        2.9465815681204242E-003
  -30.899999999999999        2.9514446515216232E-003
  -30.800000000000001        2.9564227259240429E-003
  -30.700000000000003        2.9626030470372680E-003
  -30.600000000000001        2.9677456924590323E-003
  -30.500000000000000        2.9718118810385932E-003
  -30.399999999999999        2.9784628749170696E-003
  -30.299999999999997        2.9843527153992641E-003
  -30.199999999999999        2.9887270871976489E-003
  -30.100000000000001        2.9944467828975259E-003
  -30.000000000000000        3.0002355233972929E-003
  -29.899999999999999        3.0047605010312195E-003
  -29.800000000000001        3.0111222285685428E-003
  -29.700000000000003        3.0175159131270819E-003
  -29.600000000000001        3.0223292332504873E-003
  -29.500000000000000        3.0271100830463614E-003
  -29.399999999999999        3.0323238838796183E-003
  -29.299999999999997        3.0383845753095967E-003
  -29.199999999999999        3.0432197323094321E-003
  -29.100000000000001        3.0508461580996096E-003
  -29.000000000000000        3.0597745033926686E-003
  -28.899999999999999        3.0612036359009991E-003
  -28.800000000000001        3.0673450020499418E-003
  -28.700000000000003        3.0727508455457363E-003
  -28.600000000000001        3.0673302858842022E-003
  -28.500000000000000        3.0834850075143940E-003
  -28.399999999999999        3.0951521679964907E-003
  -28.299999999999997        3.0965424710573553E-003
  -28.199999999999999        3.1217325702595387E-003
  -28.100000000000001        3.1097344377498714E-003
  -28.000000000000000        3.0941795407328243E-003
  -27.899999999999999        3.1157175724147342E-003
  -27.800000000000001        3.1008747009982304E-003
  -27.700000000000003        3.1303208681103642E-003
  -27.600000000000001        3.1721717177765471E-003
  -27.500000000000000        3.1484957260436972E-003
  -27.399999999999999        3.1611357000462729E-003
  -27.299999999999997        3.1515579534184971E-003
  -27.199999999999999        3.1286227347095690E-003
  -27.100000000000001        3.1652822122868428E-003
  -27.000000000000000        3.1778013059549919E-003
  -26.899999999999999        3.1831849026543778E-003
  -26.800000000000001        3.1820094477747244E-003
  -26.700000000000003        3.1877798686995402E-003
  -26.600000000000001        3.2003466723575440E-003
  -26.500000000000000        3.2063603098670210E-003
  -26.399999999999999        3.2348305819265562E-003
  -26.299999999999997        3.2169349700987100E-003
  -26.199999999999999        3.2028925568541901E-003
  -26.100000000000001        3.2263421613352473E-003
  -26.000000000000000        3.2375006454536791E-003
  -25.899999999999999        3.2445597057364213E-003
  -25.800000000000001        3.2371035586780160E-003
  -25.700000000000003        3.2503459577381292E-003
  -25.600000000000001        3.2549134440043748E-003
  -25.500000000000000        3.2718339023399779E-003
  -25.399999999999999        3.2890913382840892E-003
  -25.299999999999997        3.2760369041496961E-003
  -25.199999999999999        3.2790771445949068E-003
  -25.100000000000001        3.2958355152689074E-003
  -25.000000000000000        3.3175748394155807E-003
  -24.899999999999999        3.3063178804955285E-003
  -24.800000000000001        3.2930560341222917E-003
  -24.700000000000003        3.3187513418190739E-003
  -24.600000000000001        3.3485798205062831E-003
  -24.500000000000000        3.3311563962040887E-003
  -24.399999999999999        3.3240655970270768E-003
  -24.299999999999997        3.3527690070138806E-003
  -24.199999999999999        3.3585676437504221E-003
  -24.100000000000001        3.3542842954626131E-003
  -24.000000000000000        3.3445133509585798E-003
  -23.899999999999999        3.3754985162976953E-003
  -23.800000000000001        3.3654179155032412E-003
  -23.700000000000003        3.3868803048162990E-003
  -23.600000000000001        3.4124859506372155E-003
  -23.500000000000000        3.4040222442654048E-003
  -23.399999999999999        3.4420355725351221E-003
  -23.299999999999997        3.4165749270422957E-003
  -23.199999999999999        3.4223999326398269E-003
  -23.100000000000001        3.4283857835067095E-003
  -23.000000000000000        3.4112961224410242E-003
  -22.899999999999999        3.4421463990456473E-003
  -22.800000000000001        3.4568633518354199E-003
  -22.700000000000003        3.4609582070351920E-003
  -22.600000000000001        3.4819824267002530E-003
  -22.500000000000000        3.4757993431306779E-003
  -22.399999999999999        3.4603497078432772E-003
  -22.299999999999997        3.4871867467837249E-003
  -22.199999999999999        3.4864053959827194E-003
  -22.100000000000001        3.5041911460589278E-003
  -22.000000000000000        3.5317729514599762E-003
  -21.899999999999999        3.5176864610884915E-003
  -21.800000000000001        3.5143988927506444E-003
  -21.700000000000003        3.5282835283095624E-003
  -21.600000000000001        3.5319402268851681E-003
  -21.500000000000000        3.5505642251529167E-003
  -21.399999999999999        3.5789125358703911E-003
  -21.299999999999997        3.5669862787101624E-003
  -21.199999999999999        3.5590072975127331E-003
  -21.100000000000001        3.5781605139977935E-003
  -21.000000000000000        3.5869953583821585E-003
  -20.899999999999999        3.6005554698583394E-003
  -20.800000000000001        3.6199071764157456E-003
  -20.700000000000003        3.6096020164917593E-003
  -20.600000000000001        3.5997538839348028E-003
  -20.500000000000000        3.6269051516122888E-003
  -20.399999999999999        3.6515395378767051E-003
  -20.299999999999997        3.6497177961168467E-003
  -20.199999999999999        3.6457203143910270E-003
  -20.100000000000001        3.6549438593417539E-003
  -20.000000000000000        3.6661192253594072E-003
  -19.899999999999999        3.6822149791680800E-003
  -19.800000000000001        3.6947209418537090E-003
  -19.700000000000003        3.6902997507171085E-003
  -19.600000000000001        3.6870266335340216E-003
  -19.500000000000000        3.7131561861999279E-003
  -19.399999999999999        3.7362946593139860E-003
  -19.299999999999997        3.7298987743893401E-003
  -19.199999999999999        3.7226440774914761E-003
  -19.100000000000001        3.7427832253780283E-003
  -19.000000000000000        3.7608511392587152E-003
  -18.899999999999999        3.7647809809109984E-003
  -18.800000000000001        3.7781202507892035E-003
  -18.700000000000003        3.7799610732042951E-003
  -18.600000000000001        3.7794666992586028E-003
  -18.500000000000000        3.8037420861985172E-003
  -18.399999999999999        3.8203687715666970E-003
  -18.299999999999997        3.8229054514752137E-003
  -18.199999999999999        3.8299950753075619E-003
  -18.100000000000001        3.8362891926987681E-003
  -18.000000000000000        3.8416652280169336E-003
  -17.899999999999999        3.8588133475911134E-003
  -17.800000000000001        3.8776002327673173E-003
  -17.700000000000003        3.8834552894678183E-003
  -17.600000000000001        3.8939190842017754E-003
  -17.500000000000000        3.9035550324419701E-003
  -17.399999999999999        3.9051260220287595E-003
  -17.299999999999997        3.9225599437146723E-003
  -17.199999999999999        3.9343866865392879E-003
  -17.100000000000001        3.9435649927459359E-003
  -17.000000000000000        3.9627489955853471E-003
  -16.899999999999999        3.9669212607127942E-003
  -16.800000000000001        3.9791611531645567E-003
  -16.700000000000003        3.9919331504167030E-003
  -16.600000000000001        3.9978790734904162E-003
  -16.500000000000000        4.0163000804225987E-003
  -16.399999999999999        4.0248294473271447E-003
  -16.299999999999997        4.0387700793435323E-003
  -16.199999999999999        4.0531126398490464E-003
  -16.100000000000001        4.0613976143984978E-003
  -16.000000000000000        4.0783567021705543E-003
  -15.900000000000000        4.0866867769875906E-003
  -15.800000000000001        4.1018947025401918E-003
  -15.699999999999999        4.1145138850543078E-003
  -15.600000000000000        4.1263258725847077E-003
  -15.500000000000000        4.1426684629452155E-003
  -15.400000000000000        4.1528167623976113E-003
  -15.300000000000001        4.1695203794584372E-003
  -15.199999999999999        4.1810219515953824E-003
  -15.100000000000000        4.1956416637408504E-003
  -15.000000000000000        4.2100923859933583E-003
  -14.900000000000000        4.2230003589615699E-003
  -14.800000000000001        4.2395217970712679E-003
  -14.699999999999999        4.2529183817602680E-003
  -14.600000000000000        4.2693524061199785E-003
  -14.500000000000000        4.2849291586567516E-003
  -14.400000000000000        4.2999108945579673E-003
  -14.300000000000001        4.3174457399950666E-003
  -14.199999999999999        4.3314888106607014E-003
  -14.100000000000000        4.3493531265678320E-003
  -14.000000000000000        4.3641826878710946E-003
  -13.900000000000000        4.3809801728543710E-003
  -13.800000000000001        4.3979350390221947E-003
  -13.699999999999999        4.4137030647622985E-003
  -13.600000000000000        4.4326618051013112E-003
  -13.500000000000000        4.4487175994353768E-003
  -13.400000000000000        4.4683598712019178E-003
  -13.300000000000001        4.4861103568208721E-003
  -13.199999999999999        4.5051249697292206E-003
  -13.100000000000000        4.5249452191894026E-003
  -13.000000000000000        4.5430983109621126E-003
  -12.900000000000000        4.5641552510288196E-003
  -12.800000000000001        4.5823997322377488E-003
  -12.699999999999999        4.6034417190433065E-003
  -12.600000000000000        4.6230949590053295E-003
  -12.500000000000000        4.6434857996983953E-003
  -12.400000000000000        4.6652160953917707E-003
  -12.300000000000001        4.6854020398980276E-003
  -12.199999999999999        4.7088014765232821E-003
  -12.100000000000000        4.7299287875926799E-003
  -12.000000000000000        4.7539303090532474E-003
  -11.900000000000000        4.7769791770675496E-003
  -11.800000000000001        4.8007203188188104E-003
  -11.699999999999999        4.8258350153559688E-003
  -11.600000000000000        4.8493055464605070E-003
  -11.500000000000000        4.8757749116586906E-003
  -11.400000000000000        4.8998061763593885E-003
  -11.300000000000001        4.9266535752019612E-003
  -11.199999999999999        4.9523189340403570E-003
  -11.100000000000000        4.9790349247206024E-003
  -11.000000000000000        5.0069284662371217E-003
  -10.900000000000000        5.0338352149808408E-003
  -10.800000000000001        5.0637311759783622E-003
  -10.699999999999999        5.0917598705314416E-003
  -10.600000000000000        5.1228560014413846E-003
  -10.500000000000000        5.1529317833099919E-003
  -10.400000000000000        5.1844660742103709E-003
  -10.300000000000001        5.2169391120555223E-003
  -10.199999999999999        5.2487487286226814E-003
  -10.100000000000000        5.2832405814878481E-003
  -10.000000000000000        5.3158959443887748E-003
  -9.9000000000000004        5.3516391533205872E-003
  -9.8000000000000007        5.3860966144182645E-003
  -9.6999999999999993        5.4225144027201157E-003
  -9.5999999999999996        5.4595394234128259E-003
  -9.5000000000000000        5.4966829347673296E-003
  -9.4000000000000004        5.5364293671791827E-003
  -9.3000000000000007        5.5749965063330879E-003
  -9.1999999999999993        5.6170057576139677E-003
  -9.0999999999999996        5.6579511134198677E-003
  -9.0000000000000000        5.7015517063752456E-003
  -8.9000000000000004        5.7455532541870347E-003
  -8.8000000000000007        5.7903949180149114E-003
  -8.6999999999999993        5.8375216638658165E-003
  -8.5999999999999996        5.8838970437802372E-003
  -8.5000000000000000        5.9336872098391244E-003
  -8.4000000000000004        5.9824468519896036E-003
  -8.3000000000000007        6.0343353333588076E-003
  -8.1999999999999993        6.0864571621408068E-003
  -8.0999999999999996        6.1402792353892404E-003
  -8.0000000000000000        6.1963736457043015E-003
  -7.9000000000000004        6.2526210631842251E-003
  -7.7999999999999998        6.3126929106173393E-003
  -7.6999999999999993        6.3723609185320079E-003
  -7.5999999999999996        6.4359848529903585E-003
  -7.5000000000000000        6.5001071475668274E-003
  -7.4000000000000004        6.5669136290241311E-003
  -7.3000000000000007        6.6360847498644028E-003
  -7.2000000000000002        6.7062364528980255E-003
  -7.0999999999999996        6.7804506809058243E-003
  -7.0000000000000000        6.8547975555235093E-003
  -6.9000000000000004        6.9337277536968478E-003
  -6.7999999999999998        7.0135463468243347E-003
  -6.6999999999999993        7.0970886426533165E-003
  -6.5999999999999996        7.1835639927880631E-003
  -6.5000000000000000        7.2722967552896244E-003
  -6.4000000000000004        7.3660936097958221E-003
  -6.3000000000000007        7.4613497849465912E-003
  -6.2000000000000002        7.5626127627077865E-003
  -6.0999999999999996        7.6660866911065157E-003
  -6.0000000000000000        7.7749050752176476E-003
  -5.9000000000000004        7.8880787033744799E-003
  -5.7999999999999998        8.0051608929655963E-003
  -5.6999999999999993        8.1289984697095908E-003
  -5.5999999999999996        8.2561040045664291E-003
  -5.5000000000000000        8.3913296544444928E-003
  -5.4000000000000004        8.5311668800407848E-003
  -5.3000000000000007        8.6790360163463282E-003
  -5.2000000000000002        8.8346845519342750E-003
  -5.0999999999999996        8.9977323793369122E-003
  -5.0000000000000000        9.1720166082548196E-003
  -4.9000000000000004        9.3540997345865611E-003
  -4.7999999999999998        9.5493023524533521E-003
  -4.6999999999999993        9.7545205656995523E-003
  -4.5999999999999996        9.9723026931088834E-003
  -4.5000000000000000        1.0202891564907765E-002
  -4.4000000000000004        1.0443574821797688E-002
  -4.3000000000000007        1.0697313749756601E-002
  -4.2000000000000002        1.0957609486455961E-002
  -4.0999999999999996        1.1225683811971875E-002
  -4.0000000000000000        1.1495534864207537E-002
  -3.8999999999999999        1.1762649219314964E-002
  -3.7999999999999998        1.2025145264374398E-002
  -3.7000000000000002        1.2275179728110734E-002
  -3.6000000000000001        1.2515945896671385E-002
  -3.5000000000000000        1.2746566065401106E-002
  -3.3999999999999999        1.2975595271529526E-002
  -3.2999999999999998        1.3220108645214900E-002
  -3.2000000000000002        1.3496615621114885E-002
  -3.1000000000000001        1.3837526918810156E-002
  -3.0000000000000000        1.4265354154972683E-002
  -2.8999999999999999        1.4793868420378376E-002
  -2.7999999999999998        1.5418578545087054E-002
  -2.7000000000000002        1.6076131397745271E-002
  -2.6000000000000001        1.6688275618293787E-002
  -2.5000000000000000        1.7178661131220515E-002
  -2.3999999999999999        1.7525713037331182E-002
  -2.2999999999999998        1.7879040303976888E-002
  -2.2000000000000002        1.8456835970268197E-002
  -2.1000000000000001        1.9441438102227118E-002
  -2.0000000000000000        2.0853440169150257E-002
  -1.8999999999999999        2.2199003161122707E-002
  -1.8000000000000000        2.2846829295658108E-002
  -1.7000000000000002        2.2848857484698403E-002
  -1.6000000000000001        2.2820417974546960E-002
  -1.5000000000000000        2.3590987902818352E-002
  -1.3999999999999999        2.5635420745767981E-002
  -1.2999999999999998        2.7811885772872250E-002
  -1.2000000000000000        2.8368058653210227E-002
  -1.1000000000000001        2.8160487348282751E-002
  -1.0000000000000000        2.9583903389369798E-002
 -0.90000000000000002        3.2557732513450864E-002
 -0.80000000000000004        3.4249790774826296E-002
 -0.69999999999999996        3.4208769246696157E-002
 -0.59999999999999998        3.5694497600016958E-002
 -0.50000000000000000        3.9212292785999595E-002
 -0.40000000000000002        4.0345801134267840E-002
 -0.30000000000000004        3.8698600797238344E-002
 -0.20000000000000001        4.3601581393194339E-002
 -0.10000000000000001        4.9373448799969778E-002
   0.0000000000000000        4.4220665649895373E-002
  0.10000000000000001        5.5576117556689827E-002
  0.20000000000000001        6.1685510318621774E-002
  0.30000000000000004        5.6929690208193724E-002
  0.40000000000000002        3.7943729175385535E-002
  0.50000000000000000        6.4192525812613754E-002
  0.59999999999999998        4.4062790446322220E-002
  0.69999999999999996        6.7637305316283619E-002
  0.80000000000000004        5.6203507802819942E-002
  0.90000000000000002        6.4797907274302624E-002
   1.0000000000000000        6.6061976640742398E-002
   1.1000000000000001        6.6673995528421834E-002
   1.2000000000000000        7.2747385515396348E-002
   1.2999999999999998        7.5887764082701842E-002
   1.3999999999999999        7.4896407901497486E-002
   1.5000000000000000        8.5089386733335978E-002
   1.6000000000000001        8.1402658597776525E-002
   1.7000000000000002        8.5642317380352662E-002
   1.8000000000000000        9.0680100755667459E-002
   1.8999999999999999        9.5717884130982256E-002
   2.0000000000000000       0.10075566750629728     
   2.1000000000000001       0.10579345088161207     
   2.2000000000000002       0.11083123425692687     
   2.2999999999999998       0.11586901763224189     
   2.3999999999999999       0.12090680100755646     
   2.5000000000000000       0.12594458438287148     
   2.6000000000000001       0.13098236775818650     
   2.7000000000000002       0.13602015113350108     
   2.7999999999999998       0.14105793450881610     
   2.8999999999999999       0.14609571788413089     
   3.0000000000000000       0.15113350125944591     
   3.1000000000000001       0.15617128463476071     
   3.2000000000000002       0.16120906801007551     
   3.2999999999999998       0.16624685138539053     
   3.3999999999999999       0.17128463476070510     
   3.5000000000000000       0.17632241813602012     
   3.6000000000000001       0.18136020151133514     
   3.7000000000000002       0.18639798488664971     
   3.7999999999999998       0.19143576826196473     
   3.8999999999999999       0.19647355163727953     
   4.0000000000000000       0.20151133501259433     
   4.0999999999999996       0.20654911838790935     
   4.2000000000000002       0.21158690176322414     
   4.3000000000000007       0.21662468513853894     
   4.4000000000000004       0.22166246851385374     
   4.5000000000000000       0.22670025188916876     
   4.5999999999999996       0.23173803526448356     
   4.6999999999999993       0.23677581863979835     
   4.7999999999999998       0.24181360201511337     
   4.9000000000000004       0.24685138539042817     
   5.0000000000000000       0.25188916876574297     
   5.0999999999999996       0.25692695214105798     
   5.2000000000000002       0.26196473551637278     
   5.3000000000000007       0.26700251889168758     
   5.4000000000000004       0.27204030226700238     
   5.5000000000000000       0.27707808564231740     
   5.5999999999999996       0.28211586901763219     
   5.6999999999999993       0.28715365239294699     
   5.7999999999999998       0.29219143576826201     
   5.9000000000000004       0.29722921914357681     
   6.0000000000000000       0.30226700251889160     
   6.0999999999999996       0.30730478589420662     
   6.2000000000000002       0.31234256926952142     
   6.3000000000000007       0.31738035264483622     
   6.4000000000000004       0.32241813602015101     
   6.5000000000000000       0.32745591939546603     
   6.5999999999999996       0.33249370277078083     
   6.6999999999999993       0.33753148614609563     
   6.7999999999999998       0.34256926952141065     
   6.9000000000000004       0.34760705289672522     
   7.0000000000000000       0.35264483627204024     
   7.0999999999999996       0.35768261964735526     
   7.2000000000000002       0.36272040302266984     
   7.3000000000000007       0.36775818639798485     
   7.4000000000000004       0.37279596977329965     
   7.5000000000000000       0.37783375314861445     
   7.5999999999999996       0.38287153652392947     
   7.6999999999999993       0.38790931989924426     
   7.7999999999999998       0.39294710327455906     
   7.9000000000000004       0.39798488664987386     
   8.0000000000000000       0.40302267002518888     
   8.0999999999999996       0.40806045340050390     
   8.1999999999999993       0.41309823677581847     
   8.3000000000000007       0.41813602015113349     
   8.4000000000000004       0.42317380352644829     
   8.5000000000000000       0.42821158690176309     
   8.5999999999999996       0.43324937027707811     
   8.6999999999999993       0.43828715365239290     
   8.8000000000000007       0.44332493702770770     
   8.9000000000000004       0.44836272040302250     
   9.0000000000000000       0.45340050377833752     
   9.0999999999999996       0.45843828715365231     
   9.1999999999999993       0.46347607052896711     
   9.3000000000000007       0.46851385390428213     
   9.4000000000000004       0.47355163727959693     
   9.5000000000000000       0.47858942065491172     
   9.5999999999999996       0.48362720403022674     
   9.6999999999999993       0.48866498740554154     
   9.8000000000000007       0.49370277078085634     
   9.9000000000000004       0.49874055415617113     
   10.000000000000000       0.50377833753148615     
   10.100000000000000       0.50881612090680095     
   10.199999999999999       0.51385390428211575     
   10.300000000000001       0.51889168765743077     
   10.400000000000000       0.52392947103274534     
   10.500000000000000       0.52896725440806036     
   10.600000000000000       0.53400503778337538     
   10.699999999999999       0.53904282115868996     
   10.800000000000001       0.54408060453400497     
   10.900000000000000       0.54911838790931977     
   11.000000000000000       0.55415617128463479     
   11.100000000000000       0.55919395465994959     
   11.199999999999999       0.56423173803526439     
   11.300000000000001       0.56926952141057940     
   11.400000000000000       0.57430730478589398     
   11.500000000000000       0.57934508816120900     
   11.600000000000000       0.58438287153652402     
   11.699999999999999       0.58942065491183859     
   11.800000000000001       0.59445843828715361     
   11.900000000000000       0.59949622166246841     
   12.000000000000000       0.60453400503778321     
   12.100000000000000       0.60957178841309823     
   12.199999999999999       0.61460957178841280     
   12.300000000000001       0.61964735516372804     
   12.400000000000000       0.62468513853904262     
   12.500000000000000       0.62972292191435764     
   12.600000000000000       0.63476070528967243     
   12.699999999999999       0.63979848866498701     
   12.800000000000001       0.64483627204030247     
   12.900000000000000       0.64987405541561705     
   13.000000000000000       0.65491183879093184     
   13.100000000000000       0.65994962216624686     
   13.199999999999999       0.66498740554156144     
   13.300000000000001       0.67002518891687668     
   13.400000000000000       0.67506297229219125     
   13.500000000000000       0.68010075566750627     
   13.600000000000000       0.68513853904282107     
   13.699999999999999       0.69017632241813565     
   13.800000000000001       0.69521410579345111     
   13.900000000000000       0.70025188916876568     
   14.000000000000000       0.70528967254408048     
   14.100000000000000       0.71032745591939550     
   14.199999999999999       0.71536523929471008     
   14.300000000000001       0.72040302267002532     
   14.400000000000000       0.72544080604533989     
   14.500000000000000       0.73047858942065491     
   14.600000000000000       0.73551637279596971     
   14.699999999999999       0.74055415617128428     
   14.800000000000001       0.74559193954659952     
   14.900000000000000       0.75062972292191410     
   15.000000000000000       0.75566750629722912     
   15.100000000000000       0.76070528967254414     
   15.199999999999999       0.76574307304785871     
   15.300000000000001       0.77078085642317395     
   15.400000000000000       0.77581863979848853     
   15.500000000000000       0.78085642317380333     
   15.600000000000000       0.78589420654911835     
   15.699999999999999       0.79093198992443292     
   15.800000000000001       0.79596977329974816     
   15.900000000000000       0.80100755667506274     
   16.000000000000000       0.80604534005037776     
   16.100000000000001       0.81108312342569278     
   16.199999999999999       0.81612090680100713     
   16.299999999999997       0.82115869017632215     
   16.399999999999999       0.82619647355163717     
   16.500000000000000       0.83123425692695196     
   16.600000000000001       0.83627204030226698     
   16.700000000000003       0.84130982367758200     
   16.800000000000001       0.84634760705289680     
   16.899999999999999       0.85138539042821137     
   17.000000000000000       0.85642317380352639     
   17.100000000000001       0.86146095717884119     
   17.199999999999999       0.86649874055415577     
   17.299999999999997       0.87153652392947079     
   17.399999999999999       0.87657430730478580     
   17.500000000000000       0.88161209068010060     
   17.600000000000001       0.88664987405541562     
   17.700000000000003       0.89168765743073042     
   17.800000000000001       0.89672544080604544     
   17.899999999999999       0.90176322418136001     
   18.000000000000000       0.90680100755667503     
   18.100000000000001       0.91183879093198983     
   18.199999999999999       0.91687657430730440     
   18.299999999999997       0.92191435768261942     
   18.399999999999999       0.92695214105793422     
   18.500000000000000       0.93198992443324924     
   18.600000000000001       0.93702770780856426     
   18.700000000000003       0.94206549118387906     
   18.800000000000001       0.94710327455919407     
   18.899999999999999       0.95214105793450865     
   19.000000000000000       0.95717884130982367     
   19.100000000000001       0.96221662468513847     
   19.199999999999999       0.96725440806045304     
   19.299999999999997       0.97229219143576806     
   19.399999999999999       0.97732997481108286     
   19.500000000000000       0.98236775818639788     
   19.600000000000001       0.98740554156171290     
   19.700000000000003       0.99244332493702769     
   19.800000000000001       0.99748110831234271     
   19.899999999999999        1.0025188916876573     
   20.000000000000000        1.0075566750629723     
   20.100000000000001        1.0125944584382873     
   20.199999999999999        1.0176322418136015     
   20.299999999999997        1.0226700251889165     
   20.399999999999999        1.0277078085642315     
   20.500000000000000        1.0327455919395465     
   20.600000000000001        1.0377833753148615     
   20.700000000000003        1.0428211586901766     
   20.800000000000001        1.0478589420654911     
   20.899999999999999        1.0528967254408057     
   21.000000000000000        1.0579345088161207     
   21.100000000000001        1.0629722921914357     
   21.199999999999999        1.0680100755667503     
   21.299999999999997        1.0730478589420653     
   21.399999999999999        1.0780856423173804     
   21.500000000000000        1.0831234256926949     
   21.600000000000001        1.0881612090680099     
   21.700000000000003        1.0931989924433250     
   21.800000000000001        1.0982367758186400     
   21.899999999999999        1.1032745591939546     
   22.000000000000000        1.1083123425692696     
   22.100000000000001        1.1133501259445842     
   22.199999999999999        1.1183879093198987     
   22.299999999999997        1.1234256926952138     
   22.399999999999999        1.1284634760705288     
   22.500000000000000        1.1335012594458438     
   22.600000000000001        1.1385390428211588     
   22.700000000000003        1.1435768261964734     
   22.800000000000001        1.1486146095717884     
   22.899999999999999        1.1536523929471030     
   23.000000000000000        1.1586901763224180     
   23.100000000000001        1.1637279596977330     
   23.199999999999999        1.1687657430730476     
   23.299999999999997        1.1738035264483626     
   23.399999999999999        1.1788413098236772     
   23.500000000000000        1.1838790931989922     
   23.600000000000001        1.1889168765743072     
   23.700000000000003        1.1939546599496222     
   23.800000000000001        1.1989924433249373     
   23.899999999999999        1.2040302267002518     
   24.000000000000000        1.2090680100755664     
   24.100000000000001        1.2141057934508814     
   24.199999999999999        1.2191435768261960     
   24.299999999999997        1.2241813602015110     
   24.399999999999999        1.2292191435768260     
   24.500000000000000        1.2342569269521411     
   24.600000000000001        1.2392947103274556     
   24.700000000000003        1.2443324937027707     
   24.800000000000001        1.2493702770780857     
   24.899999999999999        1.2544080604534003     
   25.000000000000000        1.2594458438287153     
   25.100000000000001        1.2644836272040303     
   25.199999999999999        1.2695214105793449     
   25.299999999999997        1.2745591939546594     
   25.399999999999999        1.2795969773299745     
   25.500000000000000        1.2846347607052895     
   25.600000000000001        1.2896725440806045     
   25.700000000000003        1.2947103274559195     
   25.800000000000001        1.2997481108312345     
   25.899999999999999        1.3047858942065491     
   26.000000000000000        1.3098236775818637     
   26.100000000000001        1.3148614609571787     
   26.199999999999999        1.3198992443324933     
   26.299999999999997        1.3249370277078083     
   26.399999999999999        1.3299748110831233     
   26.500000000000000        1.3350125944584383     
   26.600000000000001        1.3400503778337529     
   26.700000000000003        1.3450881612090679     
   26.800000000000001        1.3501259445843830     
   26.899999999999999        1.3551637279596975     
   27.000000000000000        1.3602015113350125     
   27.100000000000001        1.3652392947103276     
   27.199999999999999        1.3702770780856421     
   27.299999999999997        1.3753148614609567     
   27.399999999999999        1.3803526448362717     
   27.500000000000000        1.3853904282115868     
   27.600000000000001        1.3904282115869018     
   27.700000000000003        1.3954659949622168     
   27.800000000000001        1.4005037783375314     
   27.899999999999999        1.4055415617128459     
   28.000000000000000        1.4105793450881610     
   28.100000000000001        1.4156171284634760     
   28.199999999999999        1.4206549118387906     
   28.299999999999997        1.4256926952141056     
   28.399999999999999        1.4307304785894206     
   28.500000000000000        1.4357682619647352     
   28.600000000000001        1.4408060453400502     
   28.700000000000003        1.4458438287153652     
   28.800000000000001        1.4508816120906802     
   28.899999999999999        1.4559193954659948     
   29.000000000000000        1.4609571788413098     
   29.100000000000001        1.4659949622166244     
   29.199999999999999        1.4710327455919390     
   29.299999999999997        1.4760705289672540     
   29.399999999999999        1.4811083123425690     
   29.500000000000000        1.4861460957178840     
   29.600000000000001        1.4911838790931990     
   29.700000000000003        1.4962216624685136     
   29.800000000000001        1.5012594458438286     
   29.899999999999999        1.5062972292191432     
   30.000000000000000        1.5113350125944582     
