test case propagating solitary wave, depth = 10 meter

results of non-hydrostatic model (using finite element model): nonlinear dispersive model applying quadratic vertical pressure profile

results after 10 seconds

1st column: x coord in meters
2nd column: numerical ssh values in meters
3rd column: analytical ssh values in meters

   1.0000000000000000        8.2908495363699483E-009   2.0836724993418444E-015
   0.0000000000000000        8.8973015694462051E-009   1.9414231437599660E-015
   2.0000000000000000        7.7299455494188961E-009   2.2363445591283824E-015
   3.0000000000000000        7.2041203595866426E-009   2.4002030015382891E-015
   4.0000000000000000        6.7055855984906444E-009   2.5760674602123027E-015
   5.0000000000000000        6.2511447197983395E-009   2.7648176238891157E-015
   6.0000000000000000        5.8256832839773340E-009   2.9673976366822006E-015
   7.0000000000000000        5.4292352163748855E-009   3.1848208207675260E-015
   8.0000000000000000        5.0581845999605913E-009   3.4181747451060257E-015
   9.0000000000000000        4.7153907107438461E-009   3.6686266655543898E-015
   10.000000000000000        4.3944480349458026E-009   3.9374293635767142E-015
   11.000000000000000        4.0957262237865193E-009   4.2259274127620198E-015
   12.000000000000000        3.8178748214146816E-009   4.5355639044940759E-015
   13.000000000000000        3.5593356820513484E-009   4.8678876664150263E-015
   14.000000000000000        3.3185829398494641E-009   5.2245610097911148E-015
   15.000000000000000        3.0939790147915769E-009   5.6073680445324680E-015
   16.000000000000000        2.8853157875735362E-009   6.0182236034604633E-015
   17.000000000000000        2.6895171267103518E-009   6.4591828204614494E-015
   18.000000000000000        2.5088739694889264E-009   6.9324514104385473E-015
   19.000000000000000        2.3399292231407076E-009   7.4403967024823060E-015
   20.000000000000000        2.1829449694413234E-009   7.9855594814485889E-015
   21.000000000000000        2.0363459406336311E-009   8.5706666971774319E-015
   22.000000000000000        1.8998773728229986E-009   9.1986451049239173E-015
   23.000000000000000        1.7737305407790076E-009   9.8726359052333129E-015
   24.000000000000000        1.6546610353170096E-009   1.0596010456488576E-014
   25.000000000000000        1.5459390497178173E-009   1.1372387138727641E-014
   26.000000000000000        1.4431884987735484E-009   1.2205649453082569E-014
   27.000000000000000        1.3491925925470958E-009   1.3099965447377805E-014
   28.000000000000000        1.2616700157699180E-009   1.4059808565053522E-014
   29.000000000000000        1.1788523829312867E-009   1.5089980021704762E-014
   30.000000000000000        1.1050240344740122E-009   1.6195632821162848E-014
   31.000000000000000        1.0329319007558680E-009   1.7382297531252549E-014
   32.000000000000000        9.6999042667037586E-010   1.8655909948154314E-014
   33.000000000000000        9.0927180816025395E-010   2.0022840787754360E-014
   34.000000000000000        8.5413228986448982E-010   2.1489927552497664E-014
   35.000000000000000        8.0408947481337058E-010   2.3064508733148466E-014
   36.000000000000000        7.5466552152400329E-010   2.4754460516533919E-014
   37.000000000000000        7.1292365098902055E-010   2.6568236182891033E-014
   38.000000000000000        6.7251333256405417E-010   2.8514908389880356E-014
   39.000000000000000        6.3620897115508471E-010   3.0604214554780324E-014
   40.000000000000000        6.0467281337516051E-010   3.2846605561861711E-014
   41.000000000000000        5.7360149717915211E-010   3.5253298038586968E-014
   42.000000000000000        5.4733939020445906E-010   3.7836330462117909E-014
   43.000000000000000        5.2326558573814317E-010   4.0608623376786422E-014
   44.000000000000000        5.0004356029165582E-010   4.3584044023739317E-014
   45.000000000000000        4.8186920613056522E-010   4.6777475706037014E-014
   46.000000000000000        4.6474525532169641E-010   5.0204892236183232E-014
   47.000000000000000        4.4868928778192245E-010   5.3883437838469319E-014
   48.000000000000000        4.3849917742403121E-010   5.7831512905821447E-014
   49.000000000000000        4.2770391076763573E-010   6.2068866040103035E-014
   50.000000000000000        4.1972338792650923E-010   6.6616692836276722E-014
   51.000000000000000        4.1482636053202931E-010   7.1497741904540940E-014
   52.000000000000000        4.0956822083957053E-010   7.6736428660785118E-014
   53.000000000000000        4.0838394802948984E-010   8.2358957454539351E-014
   54.000000000000000        4.0775079706500283E-010   8.8393452645327613E-014
   55.000000000000000        4.1055936326929408E-010   9.4870099283063089E-014
   56.000000000000000        4.1483238679318186E-010   1.0182129409619866E-013
   57.000000000000000        4.2051450469893830E-010   1.0928180754286864E-013
   58.000000000000000        4.2903155135656793E-010   1.1728895773563375E-013
   59.000000000000000        4.4133556896663424E-010   1.2588279710980122E-013
   60.000000000000000        4.5448625677751447E-010   1.3510631276905820E-013
   61.000000000000000        4.6532267132758089E-010   1.4500564151056138E-013
   62.000000000000000        4.8365208124953298E-010   1.5563030060505749E-013
   63.000000000000000        5.0578409801364575E-010   1.6703343548641486E-013
   64.000000000000000        5.2569614596586990E-010   1.7927208558953095E-013
   65.000000000000000        5.4936886264154858E-010   1.9240746966635907E-013
   66.000000000000000        5.7860906726745685E-010   2.0650529200722810E-013
   67.000000000000000        6.1159649082787401E-010   2.2163607109920112E-013
   68.000000000000000        6.4181585644091803E-010   2.3787549236544856E-013
   69.000000000000000        6.7743718079527950E-010   2.5530478675006840E-013
   70.000000000000000        7.1952514879090276E-010   2.7401113704206623E-013
   71.000000000000000        7.6340797086255738E-010   2.9408811397096087E-013
   72.000000000000000        8.0983914947662825E-010   3.1563614425540372E-013
   73.000000000000000        8.6027259399296235E-010   3.3876301294602951E-013
   74.000000000000000        9.1739104892830976E-010   3.6358440257529852E-013
   75.000000000000000        9.7883466147090755E-010   3.9022447181120469E-013
   76.000000000000000        1.0424108495365958E-009   4.1881647650932251E-013
   77.000000000000000        1.1133495386135739E-009   4.4950343626974788E-013
   78.000000000000000        1.1894982225291076E-009   4.8243884983310496E-013
   79.000000000000000        1.2710478993206246E-009   5.1778746289409220E-013
   80.000000000000000        1.3600205411135321E-009   5.5572609217323529E-013
   81.000000000000000        1.4549533729458110E-009   5.9644450986891135E-013
   82.000000000000000        1.5572861184528157E-009   6.4014639291377674E-013
   83.000000000000000        1.6682895169406733E-009   6.8705034178382085E-013
   84.000000000000000        1.7856934769152976E-009   7.3739097395624146E-013
   85.000000000000000        1.9143105315089948E-009   7.9142009748569843E-013
   86.000000000000000        2.0508287152597701E-009   8.4940797056927425E-013
   87.000000000000000        2.1972375831458172E-009   9.1164465340059241E-013
   88.000000000000000        2.3564224154287638E-009   9.7844145907517626E-013
   89.000000000000000        2.5262953259343158E-009   1.0501325108046058E-012
   90.000000000000000        2.7087553572233272E-009   1.1270764132287803E-012
   91.000000000000000        2.9058493888889511E-009   1.2096580461863353E-012
   92.000000000000000        3.1149990397691301E-009   1.2982904899158044E-012
   93.000000000000000        3.3420343052028639E-009   1.3934170913175353E-012
   94.000000000000000        3.5850383074772075E-009   1.4955136816119891E-012
   95.000000000000000        3.8456988044989105E-009   1.6050909564873190E-012
   96.000000000000000        4.1254249639822445E-009   1.7226970306419417E-012
   97.000000000000000        4.4266983414696390E-009   1.8489201795001229E-012
   98.000000000000000        4.7474461218558433E-009   1.9843917818148753E-012
   99.000000000000000        5.0948435332031398E-009   2.1297894778773195E-012
   100.00000000000000        5.4665342982921548E-009   2.2858405591301213E-012
   101.00000000000000        5.8649362658918720E-009   2.4533256061401511E-012
   102.00000000000000        6.2922794764362506E-009   2.6330823931277977E-012
   103.00000000000000        6.7523355205947079E-009   2.8260100785837217E-012
   104.00000000000000        7.2442083139220854E-009   3.0330737029348722E-012
   105.00000000000000        7.7744969505336203E-009   3.2553090157574664E-012
   106.00000000000000        8.3406037864071109E-009   3.4938276566829979E-012
   107.00000000000000        8.9507320083773535E-009   3.7498227159127588E-012
   108.00000000000000        9.6033285925913624E-009   4.0245747021548269E-012
   109.00000000000000        1.0304738458592832E-008   4.3194579478357836E-012
   110.00000000000000        1.1055286664632393E-008   4.6359474836265200E-012
   111.00000000000000        1.1864458957887064E-008   4.9756264166690794E-012
   112.00000000000000        1.2728618875684781E-008   5.3401938494110634E-012
   113.00000000000000        1.3659139134194581E-008   5.7314733786582466E-012
   114.00000000000000        1.4654127080450069E-008   6.1514222173584083E-012
   115.00000000000000        1.5724911986307771E-008   6.6021409847442718E-012
   116.00000000000000        1.6869997047126981E-008   7.0858842138066983E-012
   117.00000000000000        1.8102830527234287E-008   7.6050716286573413E-012
   118.00000000000000        1.9420506679092556E-008   8.1623002481911618E-012
   119.00000000000000        2.0838522879691423E-008   8.7603573765922622E-012
   120.00000000000000        2.2355343263217249E-008   9.4022345456626302E-012
   121.00000000000000        2.3987758657920290E-008   1.0091142478714571E-011
   122.00000000000000        2.5731814582272383E-008   1.0830527150877379E-011
   123.00000000000000        2.7610534560917025E-008   1.1624087026153305E-011
   124.00000000000000        2.9617622394205477E-008   1.2475791557443957E-011
   125.00000000000000        3.1777005066844623E-008   1.3389901042085917E-011
   126.00000000000000        3.4085786511284958E-008   1.4370987932214490E-011
   127.00000000000000        3.6571272338989909E-008   1.5423959706551921E-011
   128.00000000000000        3.9227903543433421E-008   1.6554083418026630E-011
   129.00000000000000        4.2084787819628696E-008   1.7767012040012685E-011
   130.00000000000000        4.5139158128519848E-008   1.9068812742975689E-011
   131.00000000000000        4.8427256987279081E-008   2.0465997242967194E-011
   132.00000000000000        5.1939352502126755E-008   2.1965554373773029E-011
   133.00000000000000        5.5717289578463104E-008   2.3574985045645149E-011
   134.00000000000000        5.9755232130020116E-008   2.5302339765482056E-011
   135.00000000000000        6.4100183919247178E-008   2.7156258906138160E-011
   136.00000000000000        6.8742516279297494E-008   2.9146015926291640E-011
   137.00000000000000        7.3735656488352057E-008   3.1281563757060963E-011
   138.00000000000000        7.9071013618107194E-008   3.3573584587399029E-011
   139.00000000000000        8.4810820369301627E-008   3.6033543297296274E-011
   140.00000000000000        9.0941898382156247E-008   3.8673744806069758E-011
   141.00000000000000        9.7534980454549034E-008   4.1507395622599224E-011
   142.00000000000000        1.0457936545928485E-007   4.4548669905389684E-011
   143.00000000000000        1.1215400665687603E-007   4.7812780362898245E-011
   144.00000000000000        1.2024662504269546E-007   5.1316054348774974E-011
   145.00000000000000        1.2894739334590887E-007   5.5076015532651878E-011
   146.00000000000000        1.3823882791538526E-007   5.9111471555005006E-011
   147.00000000000000        1.4822784056778701E-007   6.3442608104545738E-011
   148.00000000000000        1.5889888962179833E-007   6.8091089888724953E-011
   149.00000000000000        1.7036640762509724E-007   7.3080169002412481E-011
   150.00000000000000        1.8261319330535102E-007   7.8434801236821441E-011
   151.00000000000000        1.9577522908321800E-007   8.4181770910464001E-011
   152.00000000000000        2.0982799997832024E-007   9.0349824846554028E-011
   153.00000000000000        2.2492827799417608E-007   9.6969816167022189E-011
   154.00000000000000        2.4105166279407396E-007   1.0407485862241357E-010
   155.00000000000000        2.5837148400878128E-007   1.1170049222963880E-010
   156.00000000000000        2.7686148319147708E-007   1.1988486104611244E-010
   157.00000000000000        2.9672087410767400E-007   1.2866890396952069E-010
   158.00000000000000        3.1791887336747928E-007   1.3809655951761125E-010
   159.00000000000000        3.4068163888389732E-007   1.4821498561233831E-010
   160.00000000000000        3.6497617030468930E-007   1.5907479546773259E-010
   161.00000000000000        3.9105798178755185E-007   1.7073031076143369E-010
   162.00000000000000        4.1888925144356203E-007   1.8323983335626641E-010
   163.00000000000000        4.4876139574942487E-007   1.9666593693103770E-010
   164.00000000000000        4.8063402980835985E-007   2.1107577997931372E-010
   165.00000000000000        5.1483371707770367E-007   2.2654144174182397E-010
   166.00000000000000        5.5131638827636543E-007   2.4314028275285460E-010
   167.00000000000000        5.9045323325730253E-007   2.6095533180411429E-010
   168.00000000000000        6.3219481814872999E-007   2.8007570126169761E-010
   169.00000000000000        6.7696043483372350E-007   3.0059703281359600E-010
   170.00000000000000        7.2469645093462532E-007   3.2262197587742452E-010
   171.00000000000000        7.7587439833038747E-007   3.4626070106139708E-010
   172.00000000000000        8.3043688314951517E-007   3.7163145124692663E-010
   173.00000000000000        8.8891520565030263E-007   3.9886113304941211E-010
   174.00000000000000        9.5124711553942183E-007   4.2808595161574644E-010
   175.00000000000000        1.0180293409589024E-006   4.5945209193385786E-010
   176.00000000000000        1.0891965202180275E-006   4.9311645006224933E-010
   177.00000000000000        1.1654166517850105E-006   5.2924741793721245E-010
   178.00000000000000        1.2466202642180507E-006   5.6802572568337912E-010
   179.00000000000000        1.3335581979189889E-006   6.0964534564092756E-010
   180.00000000000000        1.4261562456335516E-006   6.5431446263145571E-010
   181.00000000000000        1.5252518557853433E-006   7.0225651531587505E-010
   182.00000000000000        1.6307692603695332E-006   7.5371131385329114E-010
   183.00000000000000        1.7436446180268888E-006   8.0893623945146914E-010
   184.00000000000000        1.8637986297709015E-006   8.6820753180918297E-010
   185.00000000000000        1.9922744231803901E-006   9.3182167089028973E-010
   186.00000000000000        2.1289909550668929E-006   1.0000968599413107E-009
   187.00000000000000        2.2751067734021877E-006   1.0733746171706911E-009
   188.00000000000000        2.4305445914679191E-006   1.1520214840514476E-009
   189.00000000000000        2.5965874876990782E-006   1.2364308587922755E-009
   190.00000000000000        2.7731599376125346E-006   1.3270249641482973E-009
   191.00000000000000        2.9616805118292254E-006   1.4242569594145982E-009
   192.00000000000000        3.1620819503142350E-006   1.5286132071669267E-009
   193.00000000000000        3.3759287247999800E-006   1.6406157060879727E-009
   194.00000000000000        3.6031594991126243E-006   1.7608247020484414E-009
   195.00000000000000        3.8454975777366382E-006   1.8898414905037480E-009
   196.00000000000000        4.1028972508139268E-006   2.0283114242241778E-009
   197.00000000000000        4.3772416623764180E-006   2.1769271414034074E-009
   198.00000000000000        4.6685055829415012E-006   2.3364320302926682E-009
   199.00000000000000        4.9787508993219381E-006   2.5076239476909420E-009
   200.00000000000000        5.3079739676472009E-006   2.6913592098913793E-009
   201.00000000000000        5.6584174075897645E-006   2.8885568760469903E-009
   202.00000000000000        6.0301136011249939E-006   3.1002033453813687E-009
   203.00000000000000        6.4254941833344166E-006   3.3273572912400613E-009
   204.00000000000000        6.8446311962880308E-006   3.5711549566631416E-009
   205.00000000000000        7.2901471666146910E-006   3.8328158379678692E-009
   206.00000000000000        7.7621679993110225E-006   4.1136487847711866E-009
   207.00000000000000        8.2635131254796966E-006   4.4150585469648797E-009
   208.00000000000000        8.7943741316642131E-006   4.7385528013919489E-009
   209.00000000000000        9.3577602203754852E-006   5.0857496933720644E-009
   210.00000000000000        9.9539415083690937E-006   5.4583859307997472E-009
   211.00000000000000        1.0586116525164319E-005   5.8583254713022671E-009
   212.00000000000000        1.1254652795973750E-005   6.2875688459113857E-009
   213.00000000000000        1.1962921258421495E-005   6.7482631658866412E-009
   214.00000000000000        1.2711405106305183E-005   7.2427128627451527E-009
   215.00000000000000        1.3503638403465960E-005   7.7733912152204559E-009
   216.00000000000000        1.4340239409419794E-005   8.3429527208091581E-009
   217.00000000000000        1.5224876623727103E-005   8.9542463737889619E-009
   218.00000000000000        1.6158330201100210E-005   9.6103299161257494E-009
   219.00000000000000        1.7144368128662001E-005   1.0314485132553977E-008
   220.00000000000000        1.8183962696257684E-005   1.1070234266337616E-008
   221.00000000000000        1.9280943476228477E-005   1.1881357637824654E-008
   222.00000000000000        2.0436498654409013E-005   1.2751912553924585E-008
   223.00000000000000        2.1654463781163565E-005   1.3686253603095709E-008
   224.00000000000000        2.2936281763383704E-005   1.4689054437359352E-008
   225.00000000000000        2.4285725409781345E-005   1.5765331150296539E-008
   226.00000000000000        2.5704527007653615E-005   1.6920467367965683E-008
   227.00000000000000        2.7196319591411327E-005   1.8160241178248153E-008
   228.00000000000000        2.8763162450578819E-005   1.9490854033324545E-008
   229.00000000000000        3.0408448311743300E-005   2.0918961769854152E-008
   230.00000000000000        3.2134608252561363E-005   2.2451707902023124E-008
   231.00000000000000        3.3944681965717227E-005   2.4096759353995867E-008
   232.00000000000000        3.5841513046084652E-005   2.5862344810506260E-008
   233.00000000000000        3.7827654167093876E-005   2.7757295877421644E-008
   234.00000000000000        3.9906408634707107E-005   2.9791091258167315E-008
   235.00000000000000        4.2079690432227654E-005   3.1973904166987220E-008
   236.00000000000000        4.4351306252976534E-005   3.4316653216203731E-008
   237.00000000000000        4.6722354526519630E-005   3.6831057032020032E-008
   238.00000000000000        4.9197192713290621E-005   3.9529692872057356E-008
   239.00000000000000        5.1775908409201856E-005   4.2426059537836660E-008
   240.00000000000000        5.4463453995003141E-005   4.5534644896897806E-008
   241.00000000000000        5.7258687832789145E-005   4.8870998352307553E-008
   242.00000000000000        6.0167193945997908E-005   5.2451808622054257E-008
   243.00000000000000        6.3186365000893294E-005   5.6294987217388129E-008
   244.00000000000000        6.6322453802052772E-005   6.0419758037671926E-008
   245.00000000000000        6.9571124143678873E-005   6.4846753529902835E-008
   246.00000000000000        7.2939326992819704E-005   6.9598117893902695E-008
   247.00000000000000        7.6420720025140981E-005   7.4697617849416722E-008
   248.00000000000000        8.0022967826907579E-005   8.0170761519186347E-008
   249.00000000000000        8.3737432664748662E-005   8.6044926022658485E-008
   250.00000000000000        8.7572496994389661E-005   9.2349494418563972E-008
   251.00000000000000        9.1516923218329377E-005   9.9116002681362679E-008
   252.00000000000000        9.5579805092092779E-005   1.0637829744674208E-007
   253.00000000000000        9.9746993363757127E-005   1.1417270531522371E-007
   254.00000000000000        1.0402826259268943E-004   1.2253821456074626E-007
   255.00000000000000        1.0840625324540377E-004   1.3151667015314543E-007
   256.00000000000000        1.1289136836342284E-004   1.4115298307004511E-007
   257.00000000000000        1.1746273875075750E-004   1.5149535494515420E-007
   258.00000000000000        1.2213132072577405E-004   1.6259551917667404E-007
   259.00000000000000        1.2687246580206973E-004   1.7450899970185805E-007
   260.00000000000000        1.3169758220476106E-004   1.8729538873212730E-007
   261.00000000000000        1.3657799985377730E-004   2.0101864483800004E-007
   262.00000000000000        1.4152544022417413E-004   2.1574741287486282E-007
   263.00000000000000        1.4650702264171645E-004   2.3155536734988077E-007
   264.00000000000000        1.5153461606044904E-004   2.4852158094758546E-007
   265.00000000000000        1.5657099875000121E-004   2.6673092005752763E-007
   266.00000000000000        1.6162798700498544E-004   2.8627446928244609E-007
   267.00000000000000        1.6666396476202499E-004   3.0724998705036607E-007
   268.00000000000000        1.7169046220804159E-004   3.2976239460962334E-007
   269.00000000000000        1.7666151122926782E-004   3.5392430085279136E-007
   270.00000000000000        1.8158808765433593E-004   3.7985656559470484E-007
   271.00000000000000        1.8642003118299737E-004   4.0768890412212380E-007
   272.00000000000000        1.9116747121753627E-004   4.3756053603902053E-007
   273.00000000000000        1.9577633567983483E-004   4.6962088165303774E-007
   274.00000000000000        2.0025559077681528E-004   5.0403030938647096E-007
   275.00000000000000        2.0454768333238017E-004   5.4096093795034657E-007
   276.00000000000000        2.0866008851053985E-004   5.8059749729409516E-007
   277.00000000000000        2.1253235733204739E-004   6.2313825263731221E-007
   278.00000000000000        2.1617014205209669E-004   6.6879599620563021E-007
   279.00000000000000        2.1951085289885608E-004   7.1779911163138269E-007
   280.00000000000000        2.2255800386308358E-004   7.7039271634320421E-007
   281.00000000000000        2.2524778827400874E-004   8.2683988765880573E-007
   282.00000000000000        2.2758129909304970E-004   8.8742297871383743E-007
   283.00000000000000        2.2949461179758827E-004   9.5244503080911780E-007
   284.00000000000000        2.3098616763114659E-004   1.0222312892407524E-006
   285.00000000000000        2.3199318487109621E-004   1.0971308301953259E-006
   286.00000000000000        2.3251131060906294E-004   1.1775183068478165E-006
   287.00000000000000        2.3248030959098357E-004   1.2637958233961830E-006
   288.00000000000000        2.3189300291717767E-004   1.3563949464064411E-006
   289.00000000000000        2.3069322904877194E-004   1.4557788635288886E-006
   290.00000000000000        2.2887109367198275E-004   1.5624447003832225E-006
   291.00000000000000        2.2637611313419833E-004   1.6769260072014547E-006
   292.00000000000000        2.2319597829107814E-004   1.7997954276665698E-006
   293.00000000000000        2.1928751398468747E-004   1.9316675632962471E-006
   294.00000000000000        2.1463651883829046E-004   2.0732020476989117E-006
   295.00000000000000        2.0920871987010320E-004   2.2251068460792020E-006
   296.00000000000000        2.0298880420350316E-004   2.3881417964964922E-006
   297.00000000000000        1.9595289039107521E-004   2.5631224105892963E-006
   298.00000000000000        1.8808563625466950E-004   2.7509239527761073E-006
   299.00000000000000        1.7937482718927546E-004   2.9524858183360371E-006
   300.00000000000000        1.6980652343900665E-004   3.1688162322674804E-006
   301.00000000000000        1.5938114917397151E-004   3.4009972924273887E-006
   302.00000000000000        1.4808796604191235E-004   3.6501903821756021E-006
   303.00000000000000        1.3594059778203590E-004   3.9176419795967782E-006
   304.00000000000000        1.2293370931398429E-004   4.2046898923557995E-006
   305.00000000000000        1.0909414558075529E-004   4.5127699493712625E-006
   306.00000000000000        9.4424610136661737E-005   4.8434231827764070E-006
   307.00000000000000        7.8964528398592593E-005   5.1983035360885869E-006
   308.00000000000000        6.2727712192115284E-005   5.5791861371402618E-006
   309.00000000000000        4.5764753653745732E-005   5.9879761771486869E-006
   310.00000000000000        2.8104076832319360E-005   6.4267184403327787E-006
   311.00000000000000        9.8051224521254304E-006   6.8976075317389178E-006
   312.00000000000000       -9.0851359680507191E-006   7.4029988544289972E-006
   313.00000000000000       -2.8501733152686819E-005   7.9454203909312855E-006
   314.00000000000000       -4.8374822669398229E-005   8.5275853478765146E-006
   315.00000000000000       -6.8638326202284303E-005   9.1524057270577261E-006
   316.00000000000000       -8.9194852900773038E-005   9.8230068907849912E-006
   317.00000000000000       -1.0998278327738693E-004   1.0542743194377603E-005
   318.00000000000000       -1.3087224683787287E-004   1.1315214763972071E-005
   319.00000000000000       -1.5181282555387925E-004   1.2144285503550954E-005
   320.00000000000000       -1.7263706341958369E-004   1.3034102421242756E-005
   321.00000000000000       -1.9331365871368364E-004   1.3989116371539437E-005
   322.00000000000000       -2.1363241658020656E-004   1.5014104317156425E-005
   323.00000000000000       -2.3359015277919689E-004   1.6114193221857065E-005
   324.00000000000000       -2.5292890405480137E-004   1.7294885693716425E-005
   325.00000000000000       -2.7168354157736406E-004   1.8562087507049485E-005
   326.00000000000000       -2.8954363325740096E-004   1.9922137140618912E-005
   327.00000000000000       -3.0659276421430296E-004   2.1381837479815681E-005
   328.00000000000000       -3.2246388178104287E-004   2.2948489841320834E-005
   329.00000000000000       -3.3730033015933630E-004   2.4629930490363790E-005
   330.00000000000000       -3.5067515629735852E-004   2.6434569833148428E-005
   331.00000000000000       -3.6280243736700444E-004   2.8371434480386449E-005
   332.00000000000000       -3.7319324058834825E-004   3.0450212392222142E-005
   333.00000000000000       -3.8214271556923074E-004   3.2681301330228660E-005
   334.00000000000000       -3.8909947061636289E-004   3.5075860858676490E-005
   335.00000000000000       -3.9444868638695312E-004   3.7645868155004574E-005
   336.00000000000000       -3.9757812377500397E-004   4.0404177908450092E-005
   337.00000000000000       -3.9896965895596937E-004   4.3364586606210459E-005
   338.00000000000000       -3.9795443473660669E-004   4.6541901528420215E-005
   339.00000000000000       -3.9511432471144562E-004   4.9952014796737022E-005
   340.00000000000000       -3.8973129906733262E-004   5.3611982846559861E-005
   341.00000000000000       -3.8248590955390860E-004   5.7540111719975564E-005
   342.00000000000000       -3.7262231190435621E-004   6.1756048605579789E-005
   343.00000000000000       -3.6091235260933151E-004   6.6280880082490292E-005
   344.00000000000000       -3.4657840879243502E-004   7.1137237559320434E-005
   345.00000000000000       -3.3046861295495610E-004   7.6349410434766940E-005
   346.00000000000000       -3.1180512505569406E-004   8.1943467544978805E-005
   347.00000000000000       -2.9148804610442042E-004   8.7947387504190116E-005
   348.00000000000000       -2.6876736896347251E-004   9.4391198589432887E-005
   349.00000000000000       -2.4455980851462844E-004   1.0130712886770951E-004
   350.00000000000000       -2.1817882746755419E-004   1.0872976731503570E-004
   351.00000000000000       -1.9050964864458152E-004   1.1669623673151352E-004
   352.00000000000000       -1.6097366150579360E-004   1.2524637931532915E-004
   353.00000000000000       -1.3036214776705556E-004   1.3442295582158218E-004
   354.00000000000000       -9.8259097744817647E-005   1.4427185929944756E-004
   355.00000000000000       -6.5283656916722698E-005   1.5484234447368331E-004
   356.00000000000000       -3.1248888624340632E-005   1.6618727391427539E-004
   357.00000000000000        3.4932238294153538E-006   1.7836338222144724E-004
   358.00000000000000        3.8820627488082576E-005   1.9143155954273806E-004
   359.00000000000000        7.4760963767363098E-005   2.0545715583483913E-004
   360.00000000000000        1.1078822092432415E-004   2.2051030738580739E-004
   361.00000000000000        1.4743950465713961E-004   2.3666628722366224E-004
   362.00000000000000        1.8367359129303962E-004   2.5400588115575060E-004
   363.00000000000000        2.2068328741436488E-004   2.7261579131019394E-004
   364.00000000000000        2.5678419803058463E-004   2.9258906918683665E-004
   365.00000000000000        2.9398510716588275E-004   3.1402558037102842E-004
   366.00000000000000        3.2981490736628589E-004   3.3703250322001153E-004
   367.00000000000000        3.6726846524226937E-004   3.6172486399937249E-004
   368.00000000000000        4.0293234698714561E-004   3.8822611112676201E-004
   369.00000000000000        4.4096065846962231E-004   4.1666873137272874E-004
   370.00000000000000        4.7683683882426408E-004   4.4719491107497023E-004
   371.00000000000000        5.1604044224105796E-004   4.7995724564349587E-004
   372.00000000000000        5.5279693631748138E-004   5.1511950087123617E-004
   373.00000000000000        5.9405676974093595E-004   5.5285742981851229E-004
   374.00000000000000        6.3265448929199046E-004   5.9335964931174663E-004
   375.00000000000000        6.7711838963047729E-004   6.3682858038804717E-004
   376.00000000000000        7.1880154020488899E-004   6.8348145732916293E-004
   377.00000000000000        7.6785755455529669E-004   7.3355141026219318E-004
   378.00000000000000        8.1413364368742279E-004   7.8728862666181286E-004
   379.00000000000000        8.6937428710651967E-004   8.4496159747123728E-004
   380.00000000000000        9.2198704970550640E-004   9.0685845396835821E-004
   381.00000000000000        9.8517009672796792E-004   9.7328840194120102E-004
   382.00000000000000        1.0460692177070897E-003   1.0445832602049437E-003
   383.00000000000000        1.1190815152073293E-003   1.1210991109932194E-003
   384.00000000000000        1.1903933376246245E-003   1.2032180702912492E-003
   385.00000000000000        1.2752243606648961E-003   1.2913501867498822E-003
   386.00000000000000        1.3592279176543548E-003   1.3859354784299842E-003
   387.00000000000000        1.4579593965248232E-003   1.4874461172783046E-003
   388.00000000000000        1.5570723002352506E-003   1.5963887719314515E-003
   389.00000000000000        1.6718892353372160E-003   1.7133071201865478E-003
   390.00000000000000        1.7886682174132931E-003   1.8387845432681859E-003
   391.00000000000000        1.9218950653436837E-003   1.9734470148643603E-003
   392.00000000000000        2.0590561457825866E-003   2.1179661988019482E-003
   393.00000000000000        2.2132201251408670E-003   2.2730627701880233E-003
   394.00000000000000        2.3736830546755685E-003   2.4395099758599426E-003
   395.00000000000000        2.5516043548374826E-003   2.6181374510677469E-003
   396.00000000000000        2.7385648676400321E-003   2.8098353104600072E-003
   397.00000000000000        2.9434712814856833E-003   3.0155585326622067E-003
   398.00000000000000        3.1605024466070646E-003   3.2363316590276695E-003
   399.00000000000000        3.3961636831575754E-003   3.4732538285084666E-003
   400.00000000000000        3.6473444424417220E-003   3.7275041720398129E-003
   401.00000000000000        3.9182193525180336E-003   4.0003475913595156E-003
   402.00000000000000        4.2082846485023608E-003   4.2931409487958136E-003
   403.00000000000000        4.5196730683443910E-003   4.6073396962548509E-003
   404.00000000000000        4.8541766673427991E-003   4.9445049734242437E-003
   405.00000000000000        5.2123671022599356E-003   5.3063112070829525E-003
   406.00000000000000        5.5978462904860372E-003   5.6945542453697429E-003
   407.00000000000000        6.0102515181757127E-003   6.1111600629125858E-003
   408.00000000000000        6.4543831317593614E-003   6.5581940748571394E-003
   409.00000000000000        6.9296585221546407E-003   7.0378711000511282E-003
   410.00000000000000        7.4413987256527663E-003   7.5525660159377157E-003
   411.00000000000000        7.9895425140277029E-003   8.1048251500787493E-003
   412.00000000000000        8.5792482995260457E-003   8.6973784556579684E-003
   413.00000000000000        9.2116890451507533E-003   9.3331525207944084E-003
   414.00000000000000        9.8912267721300452E-003   1.0015284464011030E-002
   415.00000000000000        1.0620909911514534E-002   1.0747136770735207E-002
   416.00000000000000        1.1403764275169632E-002   1.1532313128232522E-002
   417.00000000000000        1.2245256006812323E-002   1.2374675318865097E-002
   418.00000000000000        1.3146659929683229E-002   1.3278361233986362E-002
   419.00000000000000        1.4116291426219955E-002   1.4247804073094021E-002
   420.00000000000000        1.5153402137952271E-002   1.5287752795013368E-002
   421.00000000000000        1.6269479233765274E-002   1.6403293889815113E-002
   422.00000000000000        1.7461627092449809E-002   1.7599874541816364E-002
   423.00000000000000        1.8744729352659792E-002   1.8883327255288875E-002
   424.00000000000000        2.0113763204270337E-002   2.0259896015310412E-002
   425.00000000000000        2.1587151517892922E-002   2.1736264056429651E-002
   426.00000000000000        2.3157897949681202E-002   2.3319583311345489E-002
   427.00000000000000        2.4848042016584027E-002   2.5017505610474462E-002
   428.00000000000000        2.6648886616040583E-002   2.6838215700923380E-002
   429.00000000000000        2.8586114014163458E-002   2.8790466149796145E-002
   430.00000000000000        3.0649702394134760E-002   3.0883614191713669E-002
   431.00000000000000        3.2868960882580935E-002   3.3127660573650304E-002
   432.00000000000000        3.5233007387379167E-002   3.5533290441385174E-002
   433.00000000000000        3.7774723442513460E-002   3.8111916300690669E-002
   434.00000000000000        4.0482907792908591E-002   4.0875723072440799E-002
   435.00000000000000        4.3393918325171844E-002   4.3837715243677730E-002
   436.00000000000000        4.6496846030174739E-002   4.7011766095826850E-002
   437.00000000000000        4.9831377626851601E-002   5.0412668966140751E-002
   438.00000000000000        5.3387578917401736E-002   5.4056190468450276E-002
   439.00000000000000        5.7208249463911516E-002   5.7959125563713312E-002
   440.00000000000000        6.1285193223860085E-002   6.2139354328899700E-002
   441.00000000000000        6.5664013433471294E-002   6.6615900223583255E-002
   442.00000000000000        7.0339115562386270E-002   7.1408989596289857E-002
   443.00000000000000        7.5358471050648190E-002   7.6540112106155606E-002
   444.00000000000000        8.0720079113136500E-002   8.2032081658673872E-002
   445.00000000000000        8.6473675327574717E-002   8.7909097366076286E-002
   446.00000000000000        9.2622011128350626E-002   9.4196803941940799E-002
   447.00000000000000        9.9215761636438332E-002  0.10092235082463841     
   448.00000000000000       0.10626379878687611       0.10811444919386233     
   449.00000000000000       0.11381663074352924       0.11580342589735759     
   450.00000000000000       0.12189087397747179       0.12402127313973496     
   451.00000000000000       0.13053541184010084       0.13280169260062258     
   452.00000000000000       0.13977652784608854       0.14218013244422906     
   453.00000000000000       0.14965959692132386       0.15219381545570132     
   454.00000000000000       0.16022282241827893       0.16288175629080648     
   455.00000000000000       0.17150568749042552       0.17428476555421554     
   456.00000000000000       0.18356090904312686       0.18644543812832673     
   457.00000000000000       0.19641913012468129       0.19940812286021367     
   458.00000000000000       0.21015049217284237       0.21321887038089349     
   459.00000000000000       0.22477323995476706       0.22792535548186205     
   460.00000000000000       0.24037809354930265       0.24357677011335266     
   461.00000000000000       0.25696672234885082       0.26022368270342483     
   462.00000000000000       0.27465367879676200       0.27791785913524297     
   463.00000000000000       0.29341930663747373       0.29671204037275156     
   464.00000000000000       0.31340511051312603       0.31665967140618473     
   465.00000000000000       0.33456490756280399       0.33781457591559105     
   466.00000000000000       0.35706979718291426       0.36023057084356802     
   467.00000000000000       0.38084164041670876       0.38396101495245794     
   468.00000000000000       0.40608282809221863       0.40905828544543082     
   469.00000000000000       0.43267794977793095       0.43557317688870517     
   470.00000000000000       0.46086083980160208       0.46355421702154137     
   471.00000000000000       0.49047409194548086       0.49304689462370960     
   472.00000000000000       0.52178087593544631       0.52409279547246246     
   473.00000000000000       0.55457826837187352       0.55672864361082131     
   474.00000000000000       0.58915361404645505       0.59098524671524022     
   475.00000000000000       0.62525688074481722       0.62688634634132656     
   476.00000000000000       0.66319058347939008       0.66444737628498907     
   477.00000000000000       0.70265871384735867       0.70367413525900946     
   478.00000000000000       0.74396543333321929       0.74456138357512880     
   479.00000000000000       0.78677339697182591       0.78709137754507219     
   480.00000000000000       0.83136997331614360       0.83123235985245081     
   481.00000000000000       0.87738528693393047       0.87693702915266758     
   482.00000000000000       0.92506662999986744       0.92414101754395150     
   483.00000000000000       0.97402496903750269       0.97276141018968854     
   484.00000000000000        1.0244401294222878        1.0226953470807942     
   485.00000000000000        1.0759218534419137        1.0738187524739098     
   486.00000000000000        1.1285525682104673        1.1259852426383647     
   487.00000000000000        1.1819627479415895        1.1790252668512027     
   488.00000000000000        1.2361074208161167        1.2327455397083995     
   489.00000000000000        1.2906626154177934        1.2869288243523138     
   490.00000000000000        1.3454292022363141        1.3413341257175353     
   491.00000000000000        1.4001546742277751        1.3956973499498495     
   492.00000000000000        1.4544661206055851        1.4497324803816376     
   493.00000000000000        1.5082071903859937        1.5031333115614998     
   494.00000000000000        1.5608227129077150        1.5555757706711570     
   495.00000000000000        1.6122733392751833        1.6067208402209125     
   496.00000000000000        1.6618277878569412        1.6562180774031268     
   497.00000000000000        1.7095780680248749        1.7037097043422909     
   498.00000000000000        1.7546397859222038        1.7488352204004165     
   499.00000000000000        1.7972418844792784        1.7912364636133704     
   500.00000000000000        1.8363869912829411        1.8305630244025293     
   501.00000000000000        1.8724362211661596        1.8664778922498544     
   502.00000000000000        1.9043343938877253        1.8986631964590956     
   503.00000000000000        1.9325592039417354        1.9268258868629029     
   504.00000000000000        1.9560633376668117        1.9507031906711740     
   505.00000000000000        1.9754154191768087        1.9700676786540678     
   506.00000000000000        1.9896456447228392        1.9847317782358491     
   507.00000000000000        1.9993799222506807        1.9945515831323422     
   508.00000000000000        2.0037919334134657        1.9994298286920604     
   509.00000000000000        2.0035263894633935        1.9993179283834965     
   510.00000000000000        1.9979552383472161        1.9942169987072849     
   511.00000000000000        1.9877025437254754        1.9841778355873165     
   512.00000000000000        1.9723759570404455        1.9692998430944386     
   513.00000000000000        1.9525424949382393        1.9497289531089981     
   514.00000000000000        1.9280618649525851        1.9256546101666592     
   515.00000000000000        1.8994142696206748        1.8973059273512791     
   516.00000000000000        1.8667059608265122        1.8649471451008337     
   517.00000000000000        1.8303098016145318        1.8288725439966440     
   518.00000000000000        1.7905533557126954        1.7894009743196821     
   519.00000000000000        1.7476921508169778        1.7468701692001496     
   520.00000000000000        1.7022345917177444        1.7016310048678518     
   521.00000000000000        1.6543192721022058        1.6540418615709236     
   522.00000000000000        1.6045855984888939        1.6044632232458147     
   523.00000000000000        1.5530646376967372        1.5532526342960078     
   524.00000000000000        1.5004737764156197        1.5007601092847098     
   525.00000000000000        1.4467526822753487        1.4473240673814196     
   526.00000000000000        1.3926460705650121        1.3932678393408569     
   527.00000000000000        1.3380223484057241        1.3388967717815166     
   528.00000000000000        1.2836095323876513        1.2844959324950260     
   529.00000000000000        1.2292262480157701        1.2303284021355461     
   530.00000000000000        1.1755490564793027        1.1766341223406422     
   531.00000000000000        1.1223673543563637        1.1236292583185155     
   532.00000000000000        1.0702818172369020        1.0715060251949828     
   533.00000000000000        1.0190705954841059        1.0204329217756738     
   534.00000000000000       0.96924409795196587       0.97055531254959837     
   535.00000000000000       0.92058368531369528       0.92199629836245212     
   536.00000000000000       0.87350394169673473       0.87485781780069505     
   537.00000000000000       0.82780004032442056       0.82922192451777799     
   538.00000000000000       0.78379224118446367       0.78515219008362025     
   539.00000000000000       0.74129644056783339       0.74269518706267956     
   540.00000000000000       0.70054519059279019       0.70188201258597205     
   541.00000000000000       0.66137881533154830       0.66272981839234679     
   542.00000000000000       0.62395203989877379       0.62524331894358420     
   543.00000000000000       0.58813076493156946       0.58941625458925295     
   544.00000000000000       0.55400344465534679       0.55523279174307560     
   545.00000000000000       0.52146083475306426       0.52266884654880152     
   546.00000000000000       0.49053710215305135       0.49169332251321390     
   547.00000000000000       0.46114589900657121       0.46226925605009445     
   548.00000000000000       0.43327862117453514       0.43435486681842839     
   549.00000000000000       0.40686915288819464       0.40790451217501028     
   550.00000000000000       0.38187659253414963       0.38286954703225107     
   551.00000000000000       0.35825209692043969       0.35919909196034577     
   552.00000000000000       0.33593158549351670       0.33684071354701750     
   553.00000000000000       0.31488052598580413       0.31574102187687308     
   554.00000000000000       0.29501930903229789       0.29584619056404365     
   555.00000000000000       0.27632493998831170       0.27710240511173384     
   556.00000000000000       0.25870848768307814       0.25945624552245411     
   557.00000000000000       0.24215601886439581       0.24285500908082952     
   558.00000000000000       0.22657415706326076       0.22724697911027403     
   559.00000000000000       0.21195589932995365       0.21258164529435802     
   560.00000000000000       0.19820712983597763       0.19880988087798798     
   561.00000000000000       0.18532599633784738       0.18588408174314747     
   562.00000000000000       0.17322035721264839       0.17375827200585273     
   563.00000000000000       0.16189206290568092       0.16238818041886663     
   564.00000000000000       0.15125284415543383       0.15173129149941333     
   565.00000000000000       0.14130710311311953       0.14174687494102622     
   566.00000000000000       0.13197168953772304       0.13239599652003636     
   567.00000000000000       0.12325266243531489       0.12364151337461700     
   568.00000000000000       0.11507273032798468       0.11544805622084738     
   569.00000000000000       0.10743892858237278       0.10778200077789696     
   570.00000000000000       0.10028018025784663       0.10061143040417703     
   571.00000000000000        9.3603991576905216E-002   9.3906091698454763E-002
   572.00000000000000        8.7345573414960478E-002   8.7637344594216182E-002
   573.00000000000000        8.1512537193111689E-002   8.1778108271323854E-002
   574.00000000000000        7.6046254045764733E-002   7.6302804025281265E-002
   575.00000000000000        7.0954184526249200E-002   7.1187296070020764E-002
   576.00000000000000        6.6183595868649317E-002   6.6408831103785398E-002
   577.00000000000000        6.1741626030162221E-002   6.1945977338025107E-002
   578.00000000000000        5.7581087018451181E-002   5.7778563574903248E-002
   579.00000000000000        5.3708686176075542E-002   5.3887618818656252E-002
   580.00000000000000        5.0082379031971762E-002   5.0255312818352264E-002
   581.00000000000000        4.6708381498029646E-002   4.6864897863306700E-002
   582.00000000000000        4.3549368835275125E-002   4.3700652086350336E-002
   583.00000000000000        4.0611038934188388E-002   4.0747824473210702E-002
   584.00000000000000        3.7860360063285234E-002   3.7992581727440959E-002
   585.00000000000000        3.5302509679724696E-002   3.5421957098683635E-002
   586.00000000000000        3.2908332970419112E-002   3.3023801246732210E-002
   587.00000000000000        3.0682501072077588E-002   3.0786735184086776E-002
   588.00000000000000        2.8599339601410392E-002   2.8700105314792862E-002
   589.00000000000000        2.6663038237093688E-002   2.6753940566682274E-002
   590.00000000000000        2.4851031676088677E-002   2.4938911597143981E-002
   591.00000000000000        2.3167059512772804E-002   2.3246292038746150E-002
   592.00000000000000        2.1591322295492942E-002   2.1667921739968919E-002
   593.00000000000000        2.0127144321621947E-002   2.0196171947599876E-002
   594.00000000000000        1.8757178062612859E-002   1.8823912370652611E-002
   595.00000000000000        1.7484368543407344E-002   1.7544480060688959E-002
   596.00000000000000        1.6293535423376495E-002   1.6351650039898025E-002
   597.00000000000000        1.5187280192710527E-002   1.5239607605977597E-002
   598.00000000000000        1.4152333209369072E-002   1.4202922241579635E-002
   599.00000000000000        1.3190986867020095E-002   1.3236523055645282E-002
   600.00000000000000        1.2291652474185413E-002   1.2335675684218800E-002
   601.00000000000000        1.1456345850156088E-002   1.1495960579164178E-002
   602.00000000000000        1.0674954400222302E-002   1.0713252614502173E-002
   603.00000000000000        9.9492475795319012E-003   9.9837019417444734E-003
   604.00000000000000        9.2704069921529277E-003   9.3037160275451156E-003
   605.00000000000000        8.6399834639454241E-003   8.6699428091475943E-003
   606.00000000000000        8.0502917612812509E-003   8.0792549054222833E-003
   607.00000000000000        7.5026893238602102E-003   7.5287348237131277E-003
   608.00000000000000        6.9904819402975757E-003   7.0156611052047697E-003
   609.00000000000000        6.5148564369302657E-003   6.5374953540468838E-003
   610.00000000000000        6.0699844499522747E-003   6.0918700980036730E-003
   611.00000000000000        5.6569026314163082E-003   5.6765774309104761E-003
   612.00000000000000        5.2705384439677176E-003   5.2895583896971059E-003
   613.00000000000000        4.9117966183198844E-003   4.9288930211646266E-003
   614.00000000000000        4.5762639038629946E-003   4.5927910960667758E-003
   615.00000000000000        4.2647293365157312E-003   4.2795834303403632E-003
   616.00000000000000        3.9733543833449063E-003   3.9877137755438483E-003
   617.00000000000000        3.7028267524127486E-003   3.7157312426954929E-003
   618.00000000000000        3.4498086267563785E-003   3.4622832257484772E-003
   619.00000000000000        3.2148990819676525E-003   3.2261087928986097E-003
   620.00000000000000        2.9951963325077807E-003   3.0060325157899690E-003
   621.00000000000000        2.7912220078514585E-003   2.8009587084651590E-003
   622.00000000000000        2.6004538690783461E-003   2.6098660496008093E-003
   623.00000000000000        2.4233459319379503E-003   2.4318025631769637E-003
   624.00000000000000        2.2577062185939597E-003   2.2658809342533479E-003
   625.00000000000000        2.1039297579051835E-003   2.1112741379679832E-003
   626.00000000000000        1.9601118653288859E-003   1.9672113612374817E-003
   627.00000000000000        1.8265961421059555E-003   1.8329741979261494E-003
   628.00000000000000        1.7017277429794699E-003   1.7078930994654988E-003
   629.00000000000000        1.5858054629531786E-003   1.5913440640504986E-003
   630.00000000000000        1.4773916793728130E-003   1.4827455486164838E-003
   631.00000000000000        1.3767461638238370E-003   1.3815555888144952E-003
   632.00000000000000        1.2826201205084534E-003   1.2872691131559160E-003
   633.00000000000000        1.1952393482524419E-003   1.1994154383926326E-003
   634.00000000000000        1.1135191651494929E-003   1.1175559340395930E-003
   635.00000000000000        1.0376558072744207E-003   1.0412818447354656E-003
   636.00000000000000        9.6670720456230668E-004   9.7021225987687601E-004
   637.00000000000000        9.0084387572544054E-004   9.0399222065518808E-004
   638.00000000000000        8.3924766278780890E-004   8.4229095527459379E-004
   639.00000000000000        7.8206671796187104E-004   7.8480023373883243E-004
   640.00000000000000        7.2859053439083268E-004   7.3123283416371657E-004
   641.00000000000000        6.7894781912788580E-004   6.8132111310586357E-004
   642.00000000000000        6.3252157908517362E-004   6.3481567289704315E-004
   643.00000000000000        5.8942361568159788E-004   5.9148411944021204E-004
   644.00000000000000        5.4911816476181934E-004   5.5110990435973698E-004
   645.00000000000000        5.1170233575944331E-004   5.1349124580625874E-004
   646.00000000000000        4.7671091537251377E-004   4.7844012259796938E-004
   647.00000000000000        4.4422824473415082E-004   4.4578133673635572E-004
   648.00000000000000        4.1385038040383490E-004   4.1535163966734226E-004
   649.00000000000000        3.8565057289602800E-004   3.8699891796966854E-004
   650.00000000000000        3.5927808974643824E-004   3.6058143444271082E-004
   651.00000000000000        3.3479654197314323E-004   3.3596712083705976E-004
   652.00000000000000        3.1190140874556507E-004   3.1303291872431622E-004
   653.00000000000000        2.9064792471717235E-004   2.9166416523881961E-004
   654.00000000000000        2.7077169654703348E-004   2.7175402064456936E-004
   655.00000000000000        2.5232069165462159E-004   2.5320293488640950E-004
   656.00000000000000        2.3506535113381515E-004   2.3591815047658811E-004
   657.00000000000000        2.1904732737806559E-004   2.1981323924699203E-004
   658.00000000000000        2.0406732179205686E-004   2.0480767066452865E-004
   659.00000000000000        1.9016149422768818E-004   1.9082640956307254E-004
   660.00000000000000        1.7715681595472320E-004   1.7779954129086006E-004
   661.00000000000000        1.6508468918614906E-004   1.6566192240789109E-004
   662.00000000000000        1.5379488572140915E-004   1.5435285519443332E-004
   663.00000000000000        1.4331467043741142E-004   1.4381578434973400E-004
   664.00000000000000        1.3351362456351509E-004   1.3399801437007962E-004
   665.00000000000000        1.2441541775131724E-004   1.2485044619796646E-004
   666.00000000000000        1.1590682057248988E-004   1.1632733182981081E-004
   667.00000000000000        1.0800838548883272E-004   1.0838604565883975E-004
   668.00000000000000        1.0062181386993226E-004   1.0098687141296945E-004
   669.00000000000000        9.3764949380831998E-005   9.4092803625015213E-005
   670.00000000000000        8.7352449079596982E-005   8.7669362644862697E-005
   671.00000000000000        8.1399804226139132E-005   8.1684422270608602E-005
   672.00000000000000        7.5832928564905524E-005   7.6108049138497169E-005
   673.00000000000000        7.0665271718755896E-005   7.0912353070027562E-005
   674.00000000000000        6.5832511546302296E-005   6.6071347629182952E-005
   675.00000000000000        6.1346322565008156E-005   6.1560820193604738E-005
   676.00000000000000        5.7150870657797438E-005   5.7358210890948803E-005
   677.00000000000000        5.3256292719270331E-005   5.3442499795851665E-005
   678.00000000000000        4.9614106561377713E-005   4.9794101824126873E-005
   679.00000000000000        4.6233117517207001E-005   4.6394768799195024E-005
   680.00000000000000        4.3071241394571576E-005   4.3227498201530985E-005
   681.00000000000000        4.0136116201777404E-005   4.0276448145252677E-005
   682.00000000000000        3.7391208426585109E-005   3.7526858157050710E-005
   683.00000000000000        3.4843150770068371E-005   3.4964975361616166E-005
   684.00000000000000        3.2460225959885518E-005   3.2577985704711759E-005
   685.00000000000000        3.0248191638604324E-005   3.0353949870180686E-005
   686.00000000000000        2.8179513642741383E-005   2.8281743570624987E-005
   687.00000000000000        2.6259192082745780E-005   2.6351001913325440E-005
   688.00000000000000        2.4463320302436554E-005   2.4552067563327686E-005
   689.00000000000000        2.2796239930537118E-005   2.2875942444585436E-005
   690.00000000000000        2.1237200177034020E-005   2.1314242737724333E-005
   691.00000000000000        1.9789965861677394E-005   1.9859156949460475E-005
   692.00000000000000        1.8436523980645393E-005   1.8503406844052526E-005
   693.00000000000000        1.7180145349516584E-005   1.7240211041467560E-005
   694.00000000000000        1.6005189062482612E-005   1.6063251100266023E-005
   695.00000000000000        1.4914496249630200E-005   1.4966639915627918E-005
   696.00000000000000        1.3894487675538069E-005   1.3944892274512608E-005
   697.00000000000000        1.2947629633346376E-005   1.2992897420725828E-005
   698.00000000000000        1.2062136443872210E-005   1.2105893492713326E-005
   699.00000000000000        1.1240146233993287E-005   1.1279443706261437E-005
   700.00000000000000        1.0471427942855482E-005   1.0509414163007152E-005
   701.00000000000000        9.7578388306269971E-006   9.7919531737874847E-006
   702.00000000000000        9.0904950733383404E-006   9.1234719934311054E-006
   703.00000000000000        8.4710112053126066E-006   8.5006268706510759E-006
   704.00000000000000        7.8916743947060641E-006   7.9203023232730922E-006
   705.00000000000000        7.3538851190978026E-006   7.3795955551592758E-006
   706.00000000000000        6.8509498883393710E-006   6.8758019368963842E-006
   707.00000000000000        6.3840828119214550E-006   6.4064014776359366E-006
   708.00000000000000        5.9474712567459058E-006   5.9690462204297670E-006
   709.00000000000000        5.5421730938439707E-006   5.5615484980222537E-006
   710.00000000000000        5.1631407718734785E-006   5.1818699903630935E-006
   711.00000000000000        4.8112904785817265E-006   4.8281115291135585E-006
   712.00000000000000        4.4822451159200890E-006   4.4985035981546360E-006
   713.00000000000000        4.1767955458118216E-006   4.1913974825858810E-006
   714.00000000000000        3.8911414924751881E-006   3.9052570219469858E-006
   715.00000000000000        3.6259748280419398E-006   3.6386509264154642E-006
   716.00000000000000        3.3779920499564653E-006   3.3902456175496316E-006
   717.00000000000000        3.1477941823718746E-006   3.1587985577690457E-006
   718.00000000000000        2.9325147919036497E-006   2.9431520352089984E-006
   719.00000000000000        2.7326744242586327E-006   2.7422273728629948E-006
   720.00000000000000        2.5457853779831270E-006   2.5550195330491670E-006
   721.00000000000000        2.3722985902793920E-006   2.3805920902136785E-006
   722.00000000000000        2.2100560214528601E-006   2.2180725469264056E-006
   723.00000000000000        2.0594484981212241E-006   2.0666479696405853E-006
   724.00000000000000        1.9186009576783748E-006   1.9255609223874534E-006
   725.00000000000000        1.7878557302046160E-006   1.7941056780669909E-006
   726.00000000000000        1.6655837102817369E-006   1.6716246883843101E-006
   727.00000000000000        1.5520800958889016E-006   1.5575052947748851E-006
   728.00000000000000        1.4459318113418874E-006   1.4511766638670804E-006
   729.00000000000000        1.3473950556198913E-006   1.3521069321536135E-006
   730.00000000000000        1.2552478380045981E-006   1.2598005455898627E-006
   731.00000000000000        1.1697080397354440E-006   1.1737957808119773E-006
   732.00000000000000        1.0897079213972453E-006   1.0936624355761247E-006
   733.00000000000000        1.0154489203345632E-006   1.0189996768666210E-006
   734.00000000000000        9.4600478767601448E-007   9.4943403590932605E-007
   735.00000000000000        8.8153802621681685E-007   8.8461754006145506E-007
   736.00000000000000        8.2124449074569625E-007   8.2422597223361271E-007
   737.00000000000000        7.6528061719459417E-007   7.6795724913772759E-007
   738.00000000000000        7.1294593624662314E-007   7.1552991024893805E-007
   739.00000000000000        6.6435862943035108E-007   6.6668170992323716E-007
   740.00000000000000        6.1892238499589306E-007   6.2116830562867229E-007
   741.00000000000000        5.7674620970149886E-007   5.7876203572863563E-007
   742.00000000000000        5.3730206041551274E-007   5.3925078070372115E-007
   743.00000000000000        5.0068588142809517E-007   5.0243690211596705E-007
   744.00000000000000        4.6644463313136810E-007   4.6813625400817749E-007
   745.00000000000000        4.3465871791115081E-007   4.3617726179331973E-007
   746.00000000000000        4.0493058823620798E-007   4.0640006402659615E-007
   747.00000000000000        3.7733635773311955E-007   3.7865571276728388E-007
   748.00000000000000        3.5152890871765394E-007   3.5280542853056951E-007
   749.00000000000000        3.2757448183745106E-007   3.2871990610258821E-007
   750.00000000000000        3.0517209241105746E-007   3.0627866774634889E-007
   751.00000000000000        2.8437476216954806E-007   2.8536946056324734E-007
   752.00000000000000        2.6492720853767530E-007   2.6588769499574616E-007
   753.00000000000000        2.4687220617670377E-007   2.4773592166258845E-007
   754.00000000000000        2.2998840987018885E-007   2.3082334390964525E-007
   755.00000000000000        2.1431623742683108E-007   2.1506536363815657E-007
   756.00000000000000        1.9965834640358649E-007   2.0038315813857090E-007
   757.00000000000000        1.8605270460989481E-007   1.8670328581328544E-007
   758.00000000000000        1.7332970893850788E-007   1.7395731881608799E-007
   759.00000000000000        1.6151698013396751E-007   1.6208150077074323E-007
   760.00000000000000        1.5047196757897779E-007   1.5101642785660936E-007
   761.00000000000000        1.4021729249603604E-007   1.4070675166605683E-007
   762.00000000000000        1.3062618247552667E-007   1.3110090234736267E-007
   763.00000000000000        1.2172619383107670E-007   1.2215083064822313E-007
   764.00000000000000        1.1340033163461743E-007   1.1381176756956943E-007
   765.00000000000000        1.0567366277617855E-007   1.0604200042745869E-007
   766.00000000000000        9.8446815889139946E-008   9.8802664202886599E-008
   767.00000000000000        9.1737233598092552E-008   9.2057547135838582E-008
   768.00000000000000        8.5465194028808868E-008   8.5772909591147560E-008
   769.00000000000000        7.9638917782605695E-008   7.9917315290112601E-008
   770.00000000000000        7.4194217341139464E-008   7.4461474063686270E-008
   771.00000000000000        6.9137074851175001E-008   6.9378095340670777E-008
   772.00000000000000        6.4409255350948517E-008   6.4641751638061780E-008
   773.00000000000000        6.0019938852776986E-008   6.0228751370703757E-008
   774.00000000000000        5.5914339513680900E-008   5.6117020344047748E-008
   775.00000000000000        5.2105104324376180E-008   5.2285991337224029E-008
   776.00000000000000        4.8541174055074149E-008   4.8716501224118322E-008
   777.00000000000000        4.5233580978059863E-008   4.5390695117842623E-008
   778.00000000000000        4.2140013060172148E-008   4.2291937059124067E-008
   779.00000000000000        3.9268048812647870E-008   3.9404726801868105E-008
   780.00000000000000        3.6583191465694217E-008   3.6714622279650839E-008
   781.00000000000000        3.4089597073052770E-008   3.4208167365312116E-008
   782.00000000000000        3.1759255575178218E-008   3.1872824562296801E-008
   783.00000000000000        2.9594177547542013E-008   2.9696912291061263E-008
   784.00000000000000        2.7571537776736417E-008   2.7669546456846611E-008
   785.00000000000000        2.5691911514248066E-008   2.5780586006535979E-008
   786.00000000000000        2.3935481838540463E-008   2.4020582202267007E-008
   787.00000000000000        2.2304628398220113E-008   2.2380731358061970E-008
   788.00000000000000        2.0779944310366385E-008   2.0852830803060403E-008
   789.00000000000000        1.9363336390024993E-008   1.9429237851078811E-008
   790.00000000000000        1.8039769128534133E-008   1.8102831571259774E-008
   791.00000000000000        1.6812106300014761E-008   1.6866977168584257E-008
   792.00000000000000        1.5662310861659354E-008   1.5715492796075455E-008
   793.00000000000000        1.4594467761204237E-008   1.4642618632686197E-008
   794.00000000000000        1.3597006691180608E-008   1.3642988072194841E-008
   795.00000000000000        1.2673983756791221E-008   1.2711600878994404E-008
   796.00000000000000        1.1802430277729962E-008   1.1843798176497710E-008
   797.00000000000000        1.0997877837432650E-008   1.1035239143048665E-008
   798.00000000000000        1.0250697974512039E-008   1.0281879298770861E-008
   799.00000000000000        9.5506190533477992E-009   9.5799502747419369E-009
   800.00000000000000        8.8973015694462051E-009   8.9259409632982520E-009
