test case propagating solitary wave, depth = 10 meter

results of non-hydrostatic model (using finite element model): nonlinear dispersive model applying linear vertical pressure profile

results after 20 seconds

1st column: x coord in meters
2nd column: numerical ssh values in meters
3rd column: analytical ssh values in meters

   1.0000000000000000        1.2237145130229921E-005   9.7176802031059924E-019
   0.0000000000000000        1.3156716935786577E-005   9.0542680080133194E-019
   2.0000000000000000        1.1376472154145795E-005   1.0429701047755848E-018
   3.0000000000000000        1.0575166481607252E-005   1.1193892129810001E-018
   4.0000000000000000        9.8247541059203608E-006   1.2014075997009008E-018
   5.0000000000000000        9.1256092830706648E-006   1.2894355277689892E-018
   6.0000000000000000        8.4703775785821158E-006   1.3839133202477087E-018
   7.0000000000000000        7.8593447901683117E-006   1.4853135629609763E-018
   8.0000000000000000        7.2861322871921692E-006   1.5941434684080948E-018
   9.0000000000000000        6.7509420261433669E-006   1.7109474128830392E-018
   10.000000000000000        6.2482475601816381E-006   1.8363096594903205E-018
   11.000000000000000        5.7781644486471211E-006   1.9708572806778289E-018
   12.000000000000000        5.3358982573315176E-006   2.1152632949057942E-018
   13.000000000000000        4.9214983070323136E-006   2.2702500331413369E-018
   14.000000000000000        4.5308025086227989E-006   2.4365927520185231E-018
   15.000000000000000        4.1637797330176004E-006   2.6151235117367990E-018
   16.000000000000000        3.8168271816337457E-006   2.8067353380958713E-018
   17.000000000000000        3.4898472104428275E-006   3.0123866894853373E-018
   18.000000000000000        3.1797098282727055E-006   3.2331062511739165E-018
   19.000000000000000        2.8862376488022158E-006   3.4699980808790716E-018
   20.000000000000000        2.6067230307632629E-006   3.7242471313562830E-018
   21.000000000000000        2.3409111388105646E-006   3.9971251776316960E-018
   22.000000000000000        2.0864557938323529E-006   4.2899971785274321E-018
   23.000000000000000        1.8430214023944487E-006   4.6043281042996094E-018
   24.000000000000000        1.6085758602308097E-006   4.9416902645424045E-018
   25.000000000000000        1.3827006780696937E-006   5.3037711730119828E-018
   26.000000000000000        1.1636309159747947E-006   5.6923819887116117E-018
   27.000000000000000        9.5085349260466943E-007   6.1094665754606800E-018
   28.000000000000000        7.4284979657301981E-007   6.5571112252639065E-018
   29.000000000000000        5.3900341512437943E-007   7.0375550941188627E-018
   30.000000000000000        3.3799225498484049E-007   7.5532014024612896E-018
   31.000000000000000        1.3909684909525113E-007   8.1066294562752041E-018
   32.000000000000000       -5.8821267804814135E-008   8.7006075489968580E-018
   33.000000000000000       -2.5660689554649738E-007   9.3381068087505983E-018
   34.000000000000000       -4.5524656311291264E-007   1.0022316060179899E-017
   35.000000000000000       -6.5572210185195828E-007   1.0756657775215575E-017
   36.000000000000000       -8.5887811700226907E-007   1.1544805192566239E-017
   37.000000000000000       -1.0658468373409557E-006   1.2390700691566266E-017
   38.000000000000000       -1.2773630767895011E-006   1.3298575512286521E-017
   39.000000000000000       -1.4947167411658445E-006   1.4272970920551934E-017
   40.000000000000000       -1.7185456512952893E-006   1.5318760923732417E-017
   41.000000000000000       -1.9503299900330664E-006   1.6441176650936422E-017
   42.000000000000000       -2.1906138726887608E-006   1.7645832519555599E-017
   43.000000000000000       -2.4410844052218082E-006   1.8938754319051333E-017
   44.000000000000000       -2.7022198395174429E-006   2.0326409352456893E-017
   45.000000000000000       -2.9759344692691284E-006   2.1815738786369451E-017
   46.000000000000000       -3.2626406885013132E-006   2.3414192371245092E-017
   47.000000000000000       -3.5645087629525014E-006   2.5129765705675209E-017
   48.000000000000000       -3.8819021125339951E-006   2.6971040231038474E-017
   49.000000000000000       -4.2172840981422879E-006   2.8947226156590051E-017
   50.000000000000000       -4.5709710544924160E-006   3.1068208529697774E-017
   51.000000000000000       -4.9457424755269815E-006   3.3344596681676725E-017
   52.000000000000000       -5.3418883327401629E-006   3.5787777296553085E-017
   53.000000000000000       -5.7625374527560068E-006   3.8409971368208721E-017
   54.000000000000000       -6.2079528914561433E-006   4.1224295330817367E-017
   55.000000000000000       -6.6816672229584455E-006   4.4244826668343660E-017
   56.000000000000000       -7.1839314206388695E-006   4.7486674331298385E-017
   57.000000000000000       -7.7187037693302911E-006   5.0966054312970691E-017
   58.000000000000000       -8.2862332427047573E-006   5.4700370763186140E-017
   59.000000000000000       -8.8909637789996189E-006   5.8708303045317782E-017
   60.000000000000000       -9.5331495935859402E-006   6.3009899172027746E-017
   61.000000000000000       -1.0217762140899481E-005   6.7626676087101082E-017
   62.000000000000000       -1.0945076604388239E-005   7.2581727295002474E-017
   63.000000000000000       -1.1720648258241496E-005   7.7899838376514456E-017
   64.000000000000000       -1.2544781096970218E-005   8.3607610968290514E-017
   65.000000000000000       -1.3423670019035229E-005   8.9733595826463303E-017
   66.000000000000000       -1.4357657922504447E-005   9.6308435639920593E-017
   67.000000000000000       -1.5353642519174875E-005   1.0336501830759448E-016
   68.000000000000000       -1.6412032632613373E-005   1.1093864144648905E-016
   69.000000000000000       -1.7540475662013749E-005   1.1906718895330878E-016
   70.000000000000000       -1.8739459594069709E-005   1.2779132050288597E-016
   71.000000000000000       -2.0017456924803795E-005   1.3715467493127036E-016
   72.000000000000000       -2.1375058279441654E-005   1.4720408852084558E-016
   73.000000000000000       -2.2821622071708988E-005   1.5798982927932553E-016
   74.000000000000000       -2.4357858442987130E-005   1.6956584838454334E-016
   75.000000000000000       -2.5994083037119114E-005   1.8199005005275038E-016
   76.000000000000000       -2.7731159023617085E-005   1.9532458118035403E-016
   77.000000000000000       -2.9580411477031384E-005   2.0963614220789883E-016
   78.000000000000000       -3.1542889314378036E-005   2.2499632076124139E-016
   79.000000000000000       -3.3631006065539439E-005   2.4148194973885729E-016
   80.000000000000000       -3.5846023232266116E-005   2.5917549163641654E-016
   81.000000000000000       -3.8201494887499276E-005   2.7816545103110000E-016
   82.000000000000000       -4.0698942959055893E-005   2.9854681728888728E-016
   83.000000000000000       -4.3353108600696798E-005   3.2042153970932833E-016
   84.000000000000000       -4.6165829843503554E-005   3.4389903748445570E-016
   85.000000000000000       -4.9153075591435735E-005   3.6909674702275593E-016
   86.000000000000000       -5.2317047611013718E-005   3.9614070937589347E-016
   87.000000000000000       -5.5674985432911625E-005   4.2516620070661921E-016
   88.000000000000000       -5.9229510073178029E-005   4.5631840895143305E-016
   89.000000000000000       -6.2999132314608229E-005   4.8975316006281773E-016
   90.000000000000000       -6.6986980185054540E-005   5.2563769746366469E-016
   91.000000000000000       -7.1212835876387727E-005   5.6415151861289936E-016
   92.000000000000000       -7.5680389084921556E-005   6.0548727286676195E-016
   93.000000000000000       -8.0410666597151553E-005   6.4985172512703844E-016
   94.000000000000000       -8.5408019678052014E-005   6.9746679009636908E-016
   95.000000000000000       -9.0694654625634593E-005   7.4857064231419716E-016
   96.000000000000000       -9.6275677170979307E-005   8.0341890752570567E-016
   97.000000000000000       -1.0217436298575709E-004   8.6228594134322876E-016
   98.000000000000000       -1.0839668243932808E-004   9.2546620159593811E-016
   99.000000000000000       -1.1496684297613792E-004   9.9327572123259164E-016
   100.00000000000000       -1.2189179391779586E-004   1.0660536891447460E-015
   101.00000000000000       -1.2919647298737124E-004   1.1441641468179924E-015
   102.00000000000000       -1.3688893035774719E-004   1.2279978092979578E-015
   103.00000000000000       -1.4499457088528299E-004   1.3179740195795997E-015
   104.00000000000000       -1.5352268621984073E-004   1.4145428461960271E-015
   105.00000000000000       -1.6249882438362965E-004   1.5181873344988917E-015
   106.00000000000000       -1.7193364622810633E-004   1.6294259228917265E-015
   107.00000000000000       -1.8185242223920398E-004   1.7488150361021937E-015
   108.00000000000000       -1.9226735471477191E-004   1.8769518684650995E-015
   109.00000000000000       -2.0320293218456338E-004   2.0144773711385145E-015
   110.00000000000000       -2.1467302792665155E-004   2.1620794581949978E-015
   111.00000000000000       -2.2670074845260912E-004   2.3204964476254652E-015
   112.00000000000000       -2.3930180877018378E-004   2.4905207544674423E-015
   113.00000000000000       -2.5249719582787488E-004   2.6730028545315213E-015
   114.00000000000000       -2.6630462425109242E-004   2.8688555385523932E-015
   115.00000000000000       -2.8074212397872708E-004   3.0790584780446397E-015
   116.00000000000000       -2.9582955466600253E-004   3.3046631257014632E-015
   117.00000000000000       -3.1158099507550788E-004   3.5467979748492171E-015
   118.00000000000000       -3.2801858691183545E-004   3.8066742042652771E-015
   119.00000000000000       -3.4515134888327825E-004   4.0855917365958284E-015
   120.00000000000000       -3.6300381958803571E-004   4.3849457406775175E-015
   121.00000000000000       -3.8157866788178393E-004   4.7062336102889370E-015
   122.00000000000000       -4.0090293083545517E-004   5.0510624542393772E-015
   123.00000000000000       -4.2097148978389261E-004   5.4211571352618265E-015
   124.00000000000000       -4.4181393051392047E-004   5.8183688979204231E-015
   125.00000000000000       -4.6341576557933464E-004   6.2446846286909850E-015
   126.00000000000000       -4.8580912953029960E-004   6.7022367945330855E-015
   127.00000000000000       -5.0896840534754280E-004   7.1933141096685981E-015
   128.00000000000000       -5.3292824774869212E-004   7.7203729839213628E-015
   129.00000000000000       -5.5764999685233929E-004   8.2860498098850928E-015
   130.00000000000000       -5.8317067996570000E-004   8.8931741503793839E-015
   131.00000000000000       -6.0943657567773626E-004   9.5447828921598396E-015
   132.00000000000000       -6.3648686867008228E-004   1.0244135436679971E-014
   133.00000000000000       -6.6425060670879347E-004   1.0994730003889571E-014
   134.00000000000000       -6.9276880391341670E-004   1.1800321130624159E-014
   135.00000000000000       -7.2195102822041393E-004   1.2664938451111834E-014
   136.00000000000000       -7.5183966022335518E-004   1.3592906853541540E-014
   137.00000000000000       -7.8232250478092789E-004   1.4588868113514985E-014
   138.00000000000000       -8.1344268851043296E-004   1.5657804112597371E-014
   139.00000000000000       -8.4506395341413200E-004   1.6805061758105095E-014
   140.00000000000000       -8.7722939746288724E-004   1.8036379728784395E-014
   141.00000000000000       -9.0977645724155099E-004   1.9357917180161788E-014
   142.00000000000000       -9.4274721236814062E-004   2.0776284553156342E-014
   143.00000000000000       -9.7595071193469453E-004   2.2298576640057313E-014
   144.00000000000000       -1.0094268225129188E-003   2.3932408073269982E-014
   145.00000000000000       -1.0429543247268561E-003   2.5685951414342935E-014
   146.00000000000000       -1.0765694409071336E-003   2.7567978033806070E-014
   147.00000000000000       -1.1100191555756703E-003   2.9587901986298681E-014
   148.00000000000000       -1.1433343432664361E-003   3.1755827100459968E-014
   149.00000000000000       -1.1762291177245467E-003   3.4082597519123750E-014
   150.00000000000000       -1.2087270467821042E-003   3.6579851942630187E-014
   151.00000000000000       -1.2405088876437161E-003   3.9260081846576852E-014
   152.00000000000000       -1.2715886603327559E-003   4.2136693965227055E-014
   153.00000000000000       -1.3016140136429633E-003   4.5224077353114279E-014
   154.00000000000000       -1.3305868971858850E-003   4.8537675360299410E-014
   155.00000000000000       -1.3581230230357317E-003   5.2094062881297944E-014
   156.00000000000000       -1.3842094678976258E-003   5.5911029264090041E-014
   157.00000000000000       -1.4084322488252194E-003   6.0007667293929269E-014
   158.00000000000000       -1.4307605191503075E-003   6.4404468697049069E-014
   159.00000000000000       -1.4507540978571140E-003   6.9123426641995643E-014
   160.00000000000000       -1.4683609448793676E-003   7.4188145751293882E-014
   161.00000000000000       -1.4831196312234303E-003   7.9623960173748141E-014
   162.00000000000000       -1.4949534578234508E-003   8.5458060307970608E-014
   163.00000000000000       -1.5033863152569978E-003   9.1719628811034741E-014
   164.00000000000000       -1.5083132975472896E-003   9.8439986572563232E-014
   165.00000000000000       -1.5092519564460752E-003   1.0565274938444385E-013
   166.00000000000000       -1.5060655914713667E-003   1.1339399608982948E-013
   167.00000000000000       -1.4982756837565578E-003   1.2170244905253252E-013
   168.00000000000000       -1.4857102671035438E-003   1.3061966784952897E-013
   169.00000000000000       -1.4679070486831303E-003   1.4019025715543872E-013
   170.00000000000000       -1.4446555236685857E-003   1.5046208985884288E-013
   171.00000000000000       -1.4155240208046434E-003   1.6148654652647671E-013
   172.00000000000000       -1.3802606502155326E-003   1.7331877241312495E-013
   173.00000000000000       -1.3384808137908001E-003   1.8601795330279999E-013
   174.00000000000000       -1.2898889713827593E-003   1.9964761156098695E-013
   175.00000000000000       -1.2341661000257506E-003   2.1427592387883101E-013
   176.00000000000000       -1.1709715175525243E-003   2.2997606229865194E-013
   177.00000000000000       -1.1000720961039773E-003   2.4682656022662218E-013
   178.00000000000000       -1.0210815998278110E-003   2.6491170526343723E-013
   179.00000000000000       -9.3387467553834240E-004   2.8432196081794647E-013
   180.00000000000000       -8.3802041324445198E-004   3.0515441861269523E-013
   181.00000000000000       -7.3352428927517135E-004   3.2751328434484513E-013
   182.00000000000000       -6.1991316458895427E-004   3.5151039893179117E-013
   183.00000000000000       -4.9734700730859956E-004   3.7726579794879016E-013
   184.00000000000000       -3.6531478762029287E-004   4.0490831205695130E-013
   185.00000000000000       -2.2415454005860123E-004   4.3457621142498629E-013
   186.00000000000000       -7.3323802921714985E-005   4.6641789736816014E-013
   187.00000000000000        8.6638640858747193E-005   5.0059264466409213E-013
   188.00000000000000        2.5629783375500579E-004   5.3727139825851904E-013
   189.00000000000000        4.3489351032044676E-004   5.7663762834621972E-013
   190.00000000000000        6.2300181040412508E-004   6.1888824810428217E-013
   191.00000000000000        8.1962333681731309E-004   6.6423459866829204E-013
   192.00000000000000        1.0253310658870955E-003   7.1290350627838004E-013
   193.00000000000000        1.2388731777441819E-003   7.6513841688305680E-013
   194.00000000000000        1.4608023649412113E-003   8.2120061387620945E-013
   195.00000000000000        1.6896068869948048E-003   8.8137052505851718E-013
   196.00000000000000        1.9257991465302239E-003   9.4594912536076780E-013
   197.00000000000000        2.1676072240876631E-003   1.0152594423456466E-012
   198.00000000000000        2.4154805351999601E-003   1.0896481720186402E-012
   199.00000000000000        2.6673954501647439E-003   1.1694874130304647E-012
   200.00000000000000        2.9237132655161526E-003   1.2551765279456551E-012
   201.00000000000000        3.1821772610648607E-003   1.3471441408875326E-012
   202.00000000000000        3.4430335471562234E-003   1.4458502815519340E-012
   203.00000000000000        3.7038223723082427E-003   1.5517886863142494E-012
   204.00000000000000        3.9646463125560206E-003   1.6654892679400878E-012
   205.00000000000000        4.2228851470903382E-003   1.7875207662532703E-012
   206.00000000000000        4.4784691895060433E-003   1.9184935930200269E-012
   207.00000000000000        4.7286734939975964E-003   2.0590628852797236E-012
   208.00000000000000        4.9732281187658527E-003   2.2099317823951646E-012
   209.00000000000000        5.2093725856968533E-003   2.3718549432145149E-012
   210.00000000000000        5.4366107395282925E-003   2.5456423209380163E-012
   211.00000000000000        5.6522288733952489E-003   2.7321632145716680E-012
   212.00000000000000        5.8554822387910854E-003   2.9323506172335993E-012
   213.00000000000000        6.0437983015611757E-003   3.1472058830637200E-012
   214.00000000000000        6.2161665935808593E-003   3.3778037360809225E-012
   215.00000000000000        6.3702604293417566E-003   3.6252976460425569E-012
   216.00000000000000        6.5047935236332921E-003   3.8909255981966810E-012
   217.00000000000000        6.6177973677573852E-003   4.1760162857878630E-012
   218.00000000000000        6.7077086239198478E-003   4.4819957562919829E-012
   219.00000000000000        6.7730333673515887E-003   4.8103945446250505E-012
   220.00000000000000        6.8119405742696551E-003   5.1628553290068671E-012
   221.00000000000000        6.8235269872965300E-003   5.5411411477750399E-012
   222.00000000000000        6.8057154490921363E-003   5.9471442182502059E-012
   223.00000000000000        6.7583039198856757E-003   6.3828954017654441E-012
   224.00000000000000        6.6790040766887201E-003   6.8505743622045916E-012
   225.00000000000000        6.5684142140532307E-003   7.3525204688633903E-012
   226.00000000000000        6.4240841165033426E-003   7.8912444981704663E-012
   227.00000000000000        6.2474937046107324E-003   8.4694411928011261E-012
   228.00000000000000        6.0360946352024459E-003   9.0900027410057124E-012
   229.00000000000000        5.7923054255277183E-003   9.7560332435772607E-012
   230.00000000000000        5.5135574034428205E-003   1.0470864240823410E-011
   231.00000000000000        5.2032338346612930E-003   1.1238071377209804E-011
   232.00000000000000        4.8588362944594257E-003   1.2061492287032934E-011
   233.00000000000000        4.4847022509469535E-003   1.2945245790588003E-011
   234.00000000000000        4.0785046503849830E-003   1.3893752496852728E-011
   235.00000000000000        3.6454829501087055E-003   1.4911756915743334E-011
   236.00000000000000        3.1835900191806545E-003   1.6004351190550228E-011
   237.00000000000000        2.6988698173957969E-003   1.7177000569264782E-011
   238.00000000000000        2.1896670636938568E-003   1.8435570742207177E-011
   239.00000000000000        1.6626856647885371E-003   1.9786357182700184E-011
   240.00000000000000        1.1167725624441286E-003   2.1236116637553560E-011
   241.00000000000000        5.5910042053199680E-004   2.2792100924876979E-011
   242.00000000000000       -1.0878417261248678E-005   2.4462093208281062E-011
   243.00000000000000       -5.8575745017992796E-004   2.6254446928913017E-011
   244.00000000000000       -1.1653890785344367E-003   2.8178127590068328E-011
   245.00000000000000       -1.7424059297963417E-003   3.0242757603388525E-011
   246.00000000000000       -2.3158950227767875E-003   3.2458664420969030E-011
   247.00000000000000       -2.8788305980261353E-003   3.4836932194139347E-011
   248.00000000000000       -3.4294901626550959E-003   3.7389457217315097E-011
   249.00000000000000       -3.9615102344449362E-003   4.0129007434258322E-011
   250.00000000000000       -4.4723465258567135E-003   4.3069286304400528E-011
   251.00000000000000       -4.9566227039158665E-003   4.6225001348693510E-011
   252.00000000000000       -5.4109971634024225E-003   4.9611937717859871E-011
   253.00000000000000       -5.8313936847563703E-003   5.3247037151037770E-011
   254.00000000000000       -6.2137381801791068E-003   5.7148482719777783E-011
   255.00000000000000       -6.5555377590362117E-003   6.1335789781288410E-011
   256.00000000000000       -6.8520929411757421E-003   6.5829903595885775E-011
   257.00000000000000       -7.1027290206973574E-003   7.0653304096938424E-011
   258.00000000000000       -7.3022701422193097E-003   7.5830118337375127E-011
   259.00000000000000       -7.4520277659911533E-003   8.1386241175222533E-011
   260.00000000000000       -7.5465378901547787E-003   8.7349464801851956E-011
   261.00000000000000       -7.5891820022774160E-003   9.3749617760845992E-011
   262.00000000000000       -7.5744299010721966E-003   1.0061871415286972E-010
   263.00000000000000       -7.5077182269492814E-003   1.0799111377288113E-010
   264.00000000000000       -7.3836979250409855E-003   1.1590369398070037E-010
   265.00000000000000       -7.2097365259513463E-003   1.2439603416464971E-010
   266.00000000000000       -6.9809278320783919E-003   1.3351061372096558E-010
   267.00000000000000       -6.7063313328406251E-003   1.4329302453929314E-010
   268.00000000000000       -6.3817462049347096E-003   1.5379219905713350E-010
   269.00000000000000       -6.0175717456183138E-003   1.6506065502399017E-010
   270.00000000000000       -5.6105603048030410E-003   1.7715475819954750E-010
   271.00000000000000       -5.1719948064202067E-003   1.9013500429991456E-010
   272.00000000000000       -4.6997971360915290E-003   2.0406632160226259E-010
   273.00000000000000       -4.2055912267458381E-003   2.1901839572149807E-010
   274.00000000000000       -3.6886365624434242E-003   2.3506601818354007E-010
   275.00000000000000       -3.1602950982857190E-003   2.5228946053879090E-010
   276.00000000000000       -2.6212679145247849E-003   2.7077487588714753E-010
   277.00000000000000       -2.0820255175652788E-003   2.9061472982301661E-010
   278.00000000000000       -1.5447372346175834E-003   3.1190826295595403E-010
   279.00000000000000       -1.0183662684941819E-003   3.3476198732049793E-010
   280.00000000000000       -5.0649036376243127E-004   3.5929021915827725E-010
   281.00000000000000       -1.6007099624765436E-005   3.8561565073741758E-010
   282.00000000000000        4.4824754181972047E-004   4.1386996406953166E-010
   283.00000000000000        8.8189788689023538E-004   4.4419448959415897E-010
   284.00000000000000        1.2790875150955287E-003   4.7674091312545011E-010
   285.00000000000000        1.6382758013404109E-003   5.1167203459730017E-010
   286.00000000000000        1.9529013567320232E-003   5.4916258240223797E-010
   287.00000000000000        2.2243950134818377E-003   5.8940008739746556E-010
   288.00000000000000        2.4458663453891154E-003   6.3258582094989480E-010
   289.00000000000000        2.6216553619598489E-003   6.7893580171236431E-010
   290.00000000000000        2.7449551947109066E-003   7.2868187616701266E-010
   291.00000000000000        2.8227470087176867E-003   7.8207287834078000E-010
   292.00000000000000        2.8487277759546691E-003   8.3937587449402694E-010
   293.00000000000000        2.8320563246274954E-003   9.0087749900831077E-010
   294.00000000000000        2.7673295121034935E-003   9.6688538815554202E-010
   295.00000000000000        2.6652528818542063E-003   1.0377297189203505E-009
   296.00000000000000        2.5216628625623684E-003   1.1137648605729874E-009
   297.00000000000000        2.3480580534882456E-003   1.1953711472540422E-009
   298.00000000000000        2.1417685441863306E-003   1.2829567804376505E-009
   299.00000000000000        1.9142677744877011E-003   1.3769598707893985E-009
   300.00000000000000        1.6645247533928530E-003   1.4778506296325200E-009
   301.00000000000000        1.4031718249266809E-003   1.5861337209842635E-009
   302.00000000000000        1.1308387654665991E-003   1.7023507859275169E-009
   303.00000000000000        8.5657234477969969E-004   1.8270831519448009E-009
   304.00000000000000        5.8255776784056125E-004   1.9609547407669589E-009
   305.00000000000000        3.1564799174758603E-004   2.1046351892818258E-009
   306.00000000000000        5.9358824097884575E-005   2.2588431991139425E-009
   307.00000000000000       -1.8206898945422487E-004   2.4243501316301771E-009
   308.00000000000000       -4.0411411783613615E-004   2.6019838663537802E-009
   309.00000000000000       -6.0534024670214157E-004   2.7926329420869791E-009
   310.00000000000000       -7.8061688277682477E-004   2.9972510014563537E-009
   311.00000000000000       -9.3126308690329933E-004   3.2168615611129760E-009
   312.00000000000000       -1.0519708013844475E-003   3.4525631314482621E-009
   313.00000000000000       -1.1465327097386849E-003   3.7055347114347653E-009
   314.00000000000000       -1.2098904483335501E-003   3.9770416860775848E-009
   315.00000000000000       -1.2478273586576253E-003   4.2684421559759085E-009
   316.00000000000000       -1.2559189167009178E-003   4.5811937306557001E-009
   317.00000000000000       -1.2413063883796236E-003   4.9168608196543455E-009
   318.00000000000000       -1.2005062129667675E-003   5.2771224578278517E-009
   319.00000000000000       -1.1413008856657331E-003   5.6637807040234651E-009
   320.00000000000000       -1.0613526074931211E-003   6.0787696551285508E-009
   321.00000000000000       -9.6835729409517365E-004   6.5241651205847708E-009
   322.00000000000000       -8.6121133332330132E-004   7.0021950057601439E-009
   323.00000000000000       -7.4685684567012893E-004   7.5152504561178636E-009
   324.00000000000000       -6.2539497454497741E-004   8.0658978179254172E-009
   325.00000000000000       -5.0246968148668887E-004   8.6568914753328136E-009
   326.00000000000000       -3.7925053960281759E-004   9.2911876280319620E-009
   327.00000000000000       -2.5970777783115661E-004   9.9719590784141628E-009
   328.00000000000000       -1.4585752814554203E-004   1.0702611102192297E-008
   329.00000000000000       -3.9814522812413881E-005   1.1486798481873926E-008
   330.00000000000000        5.5837008822567989E-005   1.2328443788288092E-008
   331.00000000000000        1.4082378680444900E-004   1.3231757001611532E-008
   332.00000000000000        2.1229597708127557E-004   1.4201256570040306E-008
   333.00000000000000        2.7163132475775957E-004   1.5241792011444032E-008
   334.00000000000000        3.1600884449665772E-004   1.6358568171058117E-008
   335.00000000000000        3.4812745677412546E-004   1.7557171256552811E-008
   336.00000000000000        3.6545333431341551E-004   1.8843596780708808E-008
   337.00000000000000        3.7158558153169358E-004   2.0224279551470812E-008
   338.00000000000000        3.6447846252553150E-004   2.1706125859391809E-008
   339.00000000000000        3.4817179156862433E-004   2.3296548023472320E-008
   340.00000000000000        3.2123848504713733E-004   2.5003501468195566E-008
   341.00000000000000        2.8771133654071355E-004   2.6835524517221092E-008
   342.00000000000000        2.4683772054418060E-004   2.8801781102788029E-008
   343.00000000000000        2.0225014142638705E-004   3.0912106604463754E-008
   344.00000000000000        1.5385475915966466E-004   3.3177057046527422E-008
   345.00000000000000        1.0457657935953765E-004   3.5607961900077116E-008
   346.00000000000000        5.4902965419709688E-005   3.8216980753981499E-008
   347.00000000000000        6.8496154102102440E-006   4.1017164138148362E-008
   348.00000000000000       -3.8640434453970984E-005   4.4022518803352287E-008
   349.00000000000000       -8.0549790186983355E-005   4.7248077784158177E-008
   350.00000000000000       -1.1763647461854928E-004   5.0709975595398422E-008
   351.00000000000000       -1.4986079288976272E-004   5.4425528938344120E-008
   352.00000000000000       -1.7585193161061700E-004   5.8413323320268414E-008
   353.00000000000000       -1.9642973169093606E-004   6.2693306020679743E-008
   354.00000000000000       -2.1026012363399270E-004   6.7286885869249184E-008
   355.00000000000000       -2.1882621075310446E-004   7.2217040334529102E-008
   356.00000000000000       -2.2097535306171243E-004   7.7508430459128445E-008
   357.00000000000000       -2.1860465695590426E-004   8.3187524216260042E-008
   358.00000000000000       -2.1085287148565969E-004   8.9282728904697387E-008
   359.00000000000000       -1.9975845434438207E-004   9.5824533244392100E-008
   360.00000000000000       -1.8481687594147303E-004   1.0284565988352285E-007
   361.00000000000000       -1.6794343647201293E-004   1.1038122907982880E-007
   362.00000000000000       -1.4900656759823166E-004   1.1846893437497274E-007
   363.00000000000000       -1.2957273965230202E-004   1.2714923114066966E-007
   364.00000000000000       -1.0985191523248018E-004   1.3646553893970207E-007
   365.00000000000000       -9.0900836234566145E-005   1.4646445871404594E-007
   366.00000000000000       -7.3199819970022398E-005   1.5719600588649721E-007
   367.00000000000000       -5.7216944142371627E-005   1.6871386054178883E-007
   368.00000000000000       -4.3604910082174814E-005   1.8107563593862135E-007
   369.00000000000000       -3.2251754546535435E-005   1.9434316669572158E-007
   370.00000000000000       -2.3874273132342846E-005   2.0858281809345390E-007
   371.00000000000000       -1.7868813180175559E-005   2.2386581803813157E-007
   372.00000000000000       -1.4914714626948278E-005   2.4026861334953256E-007
   373.00000000000000       -1.4065027644984826E-005   2.5787325215379208E-007
   374.00000000000000       -1.5881606582396934E-005   2.7676779429441960E-007
   375.00000000000000       -1.9254180804413632E-005   2.9704675181434859E-007
   376.00000000000000       -2.4578729457944980E-005   3.1881156171232171E-007
   377.00000000000000       -3.0761373835367751E-005   3.4217109333837049E-007
   378.00000000000000       -3.8019316600664674E-005   3.6724219296640642E-007
   379.00000000000000       -4.5425324861010786E-005   3.9415026826789755E-007
   380.00000000000000       -5.3037717057461050E-005   4.2302991561019645E-007
   381.00000000000000       -6.0195099540857675E-005   4.5402559331729134E-007
   382.00000000000000       -6.6841599608544408E-005   4.8729234426065358E-007
   383.00000000000000       -7.2619454509833433E-005   5.2299657139460868E-007
   384.00000000000000       -7.7416487461753815E-005   5.6131687011548058E-007
   385.00000000000000       -8.1156863304279782E-005   6.0244492160799426E-007
   386.00000000000000       -8.3730646447838957E-005   6.4658645164747374E-007
   387.00000000000000       -8.5275355988645069E-005   6.9396225965378115E-007
   388.00000000000000       -8.5731283268093331E-005   7.4480932314434224E-007
   389.00000000000000       -8.5353850398538949E-005   7.9938198311073674E-007
   390.00000000000000       -8.4163038628112875E-005   8.5795321624811553E-007
   391.00000000000000       -8.2432521598820938E-005   9.2081600040112702E-007
   392.00000000000000       -8.0269217247299713E-005   9.8828478005630798E-007
   393.00000000000000       -7.7881767800059908E-005   1.0606970392112926E-006
   394.00000000000000       -7.5450089658108416E-005   1.1384149894883232E-006
   395.00000000000000       -7.3065277346418393E-005   1.2218273819359193E-006
   396.00000000000000       -7.0950297187232780E-005   1.3113514515812861E-006
   397.00000000000000       -6.9062991195822492E-005   1.4074350044600172E-006
   398.00000000000000       -6.7631630284023110E-005   1.5105586575622832E-006
   399.00000000000000       -6.6499061528769033E-005   1.6212382428995685E-006
   400.00000000000000       -6.5862929689102152E-005   1.7400273877169039E-006
   401.00000000000000       -6.5493302854688733E-005   1.8675202837565852E-006
   402.00000000000000       -6.5532111242542639E-005   2.0043546594249227E-006
   403.00000000000000       -6.5728482178811220E-005   2.1512149697284791E-006
   404.00000000000000       -6.6160777757613253E-005   2.3088358199353948E-006
   405.00000000000000       -6.6604035963580043E-005   2.4780056400864829E-006
   406.00000000000000       -6.7084537560993749E-005   2.6595706287353179E-006
   407.00000000000000       -6.7433576780544485E-005   2.8544389856432834E-006
   408.00000000000000       -6.7653360643655982E-005   3.0635854546005338E-006
   409.00000000000000       -6.7639406311514240E-005   3.2880561990951141E-006
   410.00000000000000       -6.7407032974319320E-005   3.5289740352170907E-006
   411.00000000000000       -6.6902121116926985E-005   3.7875440479712613E-006
   412.00000000000000       -6.6189623667911490E-005   4.0650596190895530E-006
   413.00000000000000       -6.5236252608352771E-005   4.3629088964922535E-006
   414.00000000000000       -6.4182287293672145E-005   4.6825817377560133E-006
   415.00000000000000       -6.2979591040707297E-005   5.0256771623171545E-006
   416.00000000000000       -6.1851335229260259E-005   5.3939113496829869E-006
   417.00000000000000       -6.0702516198483930E-005   5.7891262236546050E-006
   418.00000000000000       -5.9825846319148040E-005   6.2132986654949696E-006
   419.00000000000000       -5.9059092352567832E-005   6.6685504021217511E-006
   420.00000000000000       -5.8732662956478932E-005   7.1571586187796281E-006
   421.00000000000000       -5.8612364231332582E-005   7.6815673492699472E-006
   422.00000000000000       -5.9023199939053649E-005   8.2443997007037814E-006
   423.00000000000000       -5.9669867723999378E-005   8.8484709739173779E-006
   424.00000000000000       -6.0827148999045387E-005   9.4968027451677443E-006
   425.00000000000000       -6.2161550309783924E-005   1.0192637979532640E-005
   426.00000000000000       -6.3861222579235158E-005   1.0939457251597866E-005
   427.00000000000000       -6.5583740695599539E-005   1.1740996154551235E-005
   428.00000000000000       -6.7410518446475915E-005   1.2601263984744188E-005
   429.00000000000000       -6.9019692441876513E-005   1.3524563795159116E-005
   430.00000000000000       -7.0386944549485285E-005   1.4515513918064035E-005
   431.00000000000000       -7.1235150750302627E-005   1.5579071064481032E-005
   432.00000000000000       -7.1457554878686012E-005   1.6720555115977944E-005
   433.00000000000000       -7.0836431427757693E-005   1.7945675732751511E-005
   434.00000000000000       -6.9226548995772810E-005   1.9260560911049960E-005
   435.00000000000000       -6.6472132996295112E-005   2.0671787632725780E-005
   436.00000000000000       -6.2450255483802950E-005   2.2186414760166547E-005
   437.00000000000000       -5.7056310762625794E-005   2.3812018341072847E-005
   438.00000000000000       -5.0262129699423348E-005   2.5556729499596209E-005
   439.00000000000000       -4.1989972336673282E-005   2.7429275103273388E-005
   440.00000000000000       -3.2384159377169218E-005   2.9439021409063823E-005
   441.00000000000000       -2.1356717514152880E-005   3.1596020906681639E-005
   442.00000000000000       -9.2994245152074955E-006   3.3911062593386604E-005
   443.00000000000000        3.9340377117196960E-006   3.6395725931540546E-005
   444.00000000000000        1.7642097356814289E-005   3.9062438758630563E-005
   445.00000000000000        3.2085367143855894E-005   4.1924539439202062E-005
   446.00000000000000        4.6214121400177137E-005   4.4996343569326127E-005
   447.00000000000000        6.0462137758156890E-005   4.8293215566959926E-005
   448.00000000000000        7.3428723984169492E-005   5.1831645505951350E-005
   449.00000000000000        8.5775858459983354E-005   5.5629331577615413E-005
   450.00000000000000        9.5794207812179897E-005   5.9705268591898321E-005
   451.00000000000000        1.0441686836747092E-004   6.4079842960285119E-005
   452.00000000000000        1.0971872627641905E-004   6.8774934634948282E-005
   453.00000000000000        1.1292600163459362E-004   7.3814026513336037E-005
   454.00000000000000        1.1203993468310269E-004   7.9222321854635386E-005
   455.00000000000000        1.0857305961816146E-004   8.5026870294495929E-005
   456.00000000000000        1.0063550990337158E-004   9.1256703087267411E-005
   457.00000000000000        8.9984848309407513E-005   9.7942978250995270E-005
   458.00000000000000        7.5046367135754740E-005   1.0511913633976658E-004
   459.00000000000000        5.7744928440040724E-005   1.1282106762093294E-004
   460.00000000000000        3.7027667211318662E-005   1.2108729149154133E-004
   461.00000000000000        1.4875437033101957E-005   1.2995914902922924E-004
   462.00000000000000       -9.0635420594729450E-006   1.3948100963821051E-004
   463.00000000000000       -3.2889490310514577E-005   1.4970049282109701E-004
   464.00000000000000       -5.6130378957436232E-005   1.6066870618251938E-004
   465.00000000000000       -7.7117591429639435E-005   1.7244050085119374E-004
   466.00000000000000       -9.4516237693735043E-005   1.8507474559362135E-004
   467.00000000000000       -1.0703523629453309E-004   1.9863462098542958E-004
   468.00000000000000       -1.1254291961815819E-004   2.1318793510591308E-004
   469.00000000000000       -1.1024907529299430E-004   2.2880746232809771E-004
   470.00000000000000       -9.7408831272254603E-005   2.4557130689113803E-004
   471.00000000000000       -7.3813116038648979E-005   2.6356329306464159E-004
   472.00000000000000       -3.6405620145994515E-005   2.8287338384614161E-004
   473.00000000000000        1.4422964401867788E-005   3.0359813027409867E-004
   474.00000000000000        8.1633551712908333E-005   3.2584115359012656E-004
   475.00000000000000        1.6429319627331884E-004   3.4971366264635844E-004
   476.00000000000000        2.6478266865624103E-004   3.7533500912775223E-004
   477.00000000000000        3.8176913503365354E-004   4.0283328334551254E-004
   478.00000000000000        5.1653059138216911E-004   4.3234595355753669E-004
   479.00000000000000        6.6756209261039918E-004   4.6402055198583794E-004
   480.00000000000000        8.3452864609602408E-004   4.9801541093022613E-004
   481.00000000000000        1.0160580285141804E-003   5.3450045262322485E-004
   482.00000000000000        1.2097602974589466E-003   5.7365803673437965E-004
   483.00000000000000        1.4147601182417460E-003   6.1568386971400763E-004
   484.00000000000000        1.6262947924878138E-003   6.6078798046826173E-004
   485.00000000000000        1.8443833614860438E-003   7.0919576718059729E-004
   486.00000000000000        2.0617461694531474E-003   7.6114912044068252E-004
   487.00000000000000        2.2796948032342218E-003   8.1690762821207976E-004
   488.00000000000000        2.4884991581197230E-003   8.7674986856623458E-004
   489.00000000000000        2.6911261256140498E-003   9.4097479653419561E-004
   490.00000000000000        2.8756914561533353E-003   1.0099032318808337E-003
   491.00000000000000        3.0471084532760185E-003   1.0838794550910664E-003
   492.00000000000000        3.1918627389662989E-003   1.1632729193757844E-003
   493.00000000000000        3.3170010379843895E-003   1.2484800870588666E-003
   494.00000000000000        3.4081057210220431E-003   1.3399263992982149E-003
   495.00000000000000        3.4744146050501540E-003   1.4380683887253579E-003
   496.00000000000000        3.5014904777132963E-003   1.5433959452624839E-003
   497.00000000000000        3.5006754994259836E-003   1.6564347460951085E-003
   498.00000000000000        3.4584896408259708E-003   1.7777488615459121E-003
   499.00000000000000        3.3881452026085558E-003   1.9079435494130832E-003
   500.00000000000000        3.2781138557143436E-003   2.0476682512078873E-003
   501.00000000000000        3.1431058242780844E-003   2.1976198046538544E-003
   502.00000000000000        2.9744771622567385E-003   2.3585458877972026E-003
   503.00000000000000        2.7879469378181963E-003   2.5312487111277143E-003
   504.00000000000000        2.5785502791613448E-003   2.7165889752245663E-003
   505.00000000000000        2.3624401136097413E-003   2.9154901126255206E-003
   506.00000000000000        2.1389218098359737E-003   3.1289428338736477E-003
   507.00000000000000        1.9239590877613551E-003   3.3580099990261577E-003
   508.00000000000000        1.7214663280218090E-003   3.6038318373182291E-003
   509.00000000000000        1.5465880842587510E-003   3.8676315391632113E-003
   510.00000000000000        1.4079055465722836E-003   4.1507212462421365E-003
   511.00000000000000        1.3191484455294879E-003   4.4545084670919929E-003
   512.00000000000000        1.2933348418584312E-003   4.7805029473456670E-003
   513.00000000000000        1.3422562093254333E-003   5.1303240256076795E-003
   514.00000000000000        1.4828639015456416E-003   5.5057085078699759E-003
   515.00000000000000        1.7245921725127320E-003   5.9085190953800633E-003
   516.00000000000000        2.0875804774800701E-003   6.3407534029690463E-003
   517.00000000000000        2.5786161399617463E-003   6.8045536070266404E-003
   518.00000000000000        3.2200856907119791E-003   7.3022167645701947E-003
   519.00000000000000        4.0159855824352187E-003   7.8362058471894234E-003
   520.00000000000000        4.9898671065940732E-003   8.4091615360495607E-003
   521.00000000000000        6.1429459823043016E-003   9.0239148265933451E-003
   522.00000000000000        7.4987729888292476E-003   9.6835004940823595E-003
   523.00000000000000        9.0559479839242701E-003   1.0391171473644652E-002
   524.00000000000000        1.0836830930720997E-002   1.1150414211026530E-002
   525.00000000000000        1.2837719390085586E-002   1.1964965042757269E-002
   526.00000000000000        1.5078621355806726E-002   1.2838827666893281E-002
   527.00000000000000        1.7553982952482904E-002   1.3776291767877145E-002
   528.00000000000000        2.0280376219871582E-002   1.4781952861280085E-002
   529.00000000000000        2.3250968342169203E-002   1.5860733426240420E-002
   530.00000000000000        2.6477929691527922E-002   1.7017905395202107E-002
   531.00000000000000        2.9953823749895685E-002   1.8259114072020036E-002
   532.00000000000000        3.3685605408835001E-002   1.9590403550544654E-002
   533.00000000000000        3.7665991298147274E-002   2.1018243706324061E-002
   534.00000000000000        4.1896085706482442E-002   2.2549558833945684E-002
   535.00000000000000        4.6369573992164272E-002   2.4191758001642378E-002
   536.00000000000000        5.1081273899531876E-002   2.5952767192946296E-002
   537.00000000000000        5.6026689876488192E-002   2.7841063302200226E-002
   538.00000000000000        6.1194131377954507E-002   2.9865710046416361E-002
   539.00000000000000        6.6581782332220549E-002   3.2036395850054529E-002
   540.00000000000000        7.2171446378175005E-002   3.4363473751498154E-002
   541.00000000000000        7.7964832298482431E-002   3.6858003370007164E-002
   542.00000000000000        8.3937470033459124E-002   3.9531794959359913E-002
   543.00000000000000        9.0095398525059350E-002   4.2397455558840322E-002
   544.00000000000000        9.6408336660676913E-002   4.5468437233214393E-002
   545.00000000000000       0.10288739423905387        4.8759087370338350E-002
   546.00000000000000       0.10949716868112584        5.2284700977459173E-002
   547.00000000000000       0.11625449287222933        5.6061574884438789E-002
   548.00000000000000       0.12311975150775681        6.0107063723323778E-002
   549.00000000000000       0.13011604149113018        6.4439637508071329E-002
   550.00000000000000       0.13720065108345794        6.9078940584938159E-002
   551.00000000000000       0.14440334882642444        7.4045851662058057E-002
   552.00000000000000       0.15167963623207786        7.9362544555009518E-002
   553.00000000000000       0.15906620610784078        8.5052549202568870E-002
   554.00000000000000       0.16651826135318445        9.1140812412125419E-002
   555.00000000000000       0.17407949416423305        9.7653757686122097E-002
   556.00000000000000       0.18170646227815304       0.10461934335803631     
   557.00000000000000       0.18944972988857614       0.11206711812746642     
   558.00000000000000       0.19726902008877378       0.12002827292746522     
   559.00000000000000       0.20522140917468754       0.12853568788205441     
   560.00000000000000       0.21327175337078486       0.13762397291661871     
   561.00000000000000       0.22148301069810375       0.14732950036756540     
   562.00000000000000       0.22982730745788987       0.15769042769942601     
   563.00000000000000       0.23837253323173554       0.16874670817701914     
   564.00000000000000       0.24710041643842748       0.18054008705742106     
   565.00000000000000       0.25608244458311635       0.19311408056199006     
   566.00000000000000       0.26531251573159575       0.20651393456407227     
   567.00000000000000       0.27486391789796710       0.22078655958586452     
   568.00000000000000       0.28474557407166778       0.23598043834211077     
   569.00000000000000       0.29503021440862920       0.25214550170435374     
   570.00000000000000       0.30574498678112888       0.26933296859479472     
   571.00000000000000       0.31695903323238994       0.28759514496315280     
   572.00000000000000       0.32872131965168927       0.30698517666565944     
   573.00000000000000       0.34109358114694616       0.32755675076798330     
   574.00000000000000       0.35415060705234386       0.34936373955239830     
   575.00000000000000       0.36794201064808935       0.37245978134672653     
   576.00000000000000       0.38257278215457929       0.39689779223548682     
   577.00000000000000       0.39807472735000526       0.42272940279365367     
   578.00000000000000       0.41458764733687342       0.45000431423632103     
   579.00000000000000       0.43211887545650046       0.47876956884352850     
   580.00000000000000       0.45084757898428596       0.50906873024257560     
   581.00000000000000       0.47074907603832722       0.54094097015743758     
   582.00000000000000       0.49204591147340615       0.57442005961521825     
   583.00000000000000       0.51467323017091215       0.60953326438174749     
   584.00000000000000       0.53889967959469653       0.64630014662849955     
   585.00000000000000       0.56461193562475454       0.68473127755114027     
   586.00000000000000       0.59212515551114175       0.72482686889624126     
   587.00000000000000       0.62126985043424088       0.76657533512198517     
   588.00000000000000       0.65240445713650919       0.80995180221516805     
   589.00000000000000       0.68529724653920521       0.85491658397735770     
   590.00000000000000       0.72034152280484298       0.90141365181053301     
   591.00000000000000       0.75724014218880420       0.94936912956888531     
   592.00000000000000       0.79640606929124658       0.99868985074359640     
   593.00000000000000       0.83747792878751282        1.0492620209041743     
   594.00000000000000       0.88086493463524251        1.1009500336713534     
   595.00000000000000       0.92614848593094568        1.1535954932262995     
   596.00000000000000       0.97370162336310140        1.2070165001027435     
   597.00000000000000        1.0230625736919947        1.2610072593570147     
   598.00000000000000        1.0745270613108939        1.3153380707363849     
   599.00000000000000        1.1276119092296326        1.3697557587389371     
   600.00000000000000        1.1824875724145665        1.4239845960778730     
   601.00000000000000        1.2386787330729976        1.4777277666942303     
   602.00000000000000        1.2961797537246114        1.5306694038743929     
   603.00000000000000        1.3545585463380725        1.5824772251397374     
   604.00000000000000        1.4135857775127780        1.6328057684900954     
   605.00000000000000        1.4729113834177028        1.6813002146269140     
   606.00000000000000        1.5320458241291335        1.7276007575262038     
   607.00000000000000        1.5907593925563330        1.7713474619959313     
   608.00000000000000        1.6482855956288973        1.8121855226925025     
   609.00000000000000        1.7045482326296142        1.8497708157372590     
   610.00000000000000        1.7585147423195278        1.8837756129489895     
   611.00000000000000        1.8102854676649034        1.9138943112191080     
   612.00000000000000        1.8586053654082260        1.9398490170681213     
   613.00000000000000        1.9037599181233780        1.9613948201245059     
   614.00000000000000        1.9443482293647067        1.9783245900583686     
   615.00000000000000        1.9808322025089693        1.9904731398878881     
   616.00000000000000        2.0117691225646261        1.9977206145936186     
   617.00000000000000        2.0377705932484762        1.9999949871529894     
   618.00000000000000        2.0574719224626290        1.9972735734692746     
   619.00000000000000        2.0715916194032293        1.9895835117867988     
   620.00000000000000        2.0789626930394789        1.9770011892693440     
   621.00000000000000        2.0803562043802999        1.9596506364556912     
   622.00000000000000        2.0749050239397171        1.9377009472055495     
   623.00000000000000        2.0633733970892827        1.9113628155090561     
   624.00000000000000        2.0452636314838415        1.8808843093932506     
   625.00000000000000        2.0212762975110996        1.8465460247274190     
   626.00000000000000        1.9913106595922763        1.8086557770744127     
   627.00000000000000        1.9559564028966292        1.7675429974316939     
   628.00000000000000        1.9154932795442778        1.7235529978352047     
   629.00000000000000        1.8703679426853757        1.6770412659055325     
   630.00000000000000        1.8211857956485669        1.6283679344280000     
   631.00000000000000        1.7682360888652675        1.5778925541859630     
   632.00000000000000        1.7123680375818786        1.5259692768856634     
   633.00000000000000        1.6537165717048550        1.4729425315482869     
   634.00000000000000        1.5932800333495163        1.4191432535744113     
   635.00000000000000        1.5310565852000135        1.3648857020433667     
   636.00000000000000        1.4680999813481554        1.3104648787304658     
   637.00000000000000        1.4042989321814283        1.2561545426067136     
   638.00000000000000        1.3406808671212036        1.2022057967764641     
   639.00000000000000        1.2770568516994971        1.1488462112138413     
   640.00000000000000        1.2143651070854611        1.0962794343652775     
   641.00000000000000        1.1523705887244924        1.0446852395954749     
   642.00000000000000        1.0918808714727630       0.99421994832631111     
   643.00000000000000        1.0326425150381329       0.94501717020974640     
   644.00000000000000       0.97531149969695730       0.89718880138220425     
   645.00000000000000       0.91963783065781501       0.85082622433832489     
   646.00000000000000       0.86612211554515361       0.80600165680840952     
   647.00000000000000       0.81453311523060734       0.76276960182351383     
   648.00000000000000       0.76522500733309107       0.72116835654304412     
   649.00000000000000       0.71799448798210419       0.68122154309021166     
   650.00000000000000       0.67306640139553620       0.64293963033381518     
   651.00000000000000       0.63026946913373194       0.60632142106821008     
   652.00000000000000       0.58972044191474915       0.57135548422630100     
   653.00000000000000       0.55128036791716672       0.53802151650888985     
   654.00000000000000       0.51498016928139123       0.50629162206387490     
   655.00000000000000       0.48071101128082189       0.47613150257023290     
   656.00000000000000       0.44843912342394637       0.44750155327067326     
   657.00000000000000       0.41808215714493330       0.42035786316986651     
   658.00000000000000       0.38956036916105996       0.39465311980336099     
   659.00000000000000       0.36281367591054864       0.37033742072653519     
   660.00000000000000       0.33773206510566633       0.34735899521964214     
   661.00000000000000       0.31427347878994916       0.32566484070306245     
   662.00000000000000       0.29231021208672880       0.30520127905504413     
   663.00000000000000       0.27181432475463413       0.28591443846934694     
   664.00000000000000       0.25265006669917706       0.26775066672603548     
   665.00000000000000       0.23480021838420553       0.25065688181496759     
   666.00000000000000       0.21812806871233834       0.23458086578374934     
   667.00000000000000       0.20262429339381724       0.21947150751105393     
   668.00000000000000       0.18815617303044940       0.20527899985885706     
   669.00000000000000       0.17472001050287930       0.19195499635576402     
   670.00000000000000       0.16219033067777119       0.17945273222685654     
   671.00000000000000       0.15056729729620250       0.16772711422855333     
   672.00000000000000       0.13973462508730777       0.15673478338201111     
   673.00000000000000       0.12969500017038854       0.14643415433510101     
   674.00000000000000       0.12034230289326033       0.13678543472821617     
   675.00000000000000       0.11168075368107677       0.12775062759845068     
   676.00000000000000       0.10361468059626026       0.11929351953378331     
   677.00000000000000        9.6149128297201458E-002  0.11137965698628904     
   678.00000000000000        8.9198679163907585E-002  0.10397631287251044     
   679.00000000000000        8.2768706729019065E-002   9.7052445330570142E-002
   680.00000000000000        7.6783545849542723E-002   9.0578650267386013E-002
   681.00000000000000        7.1248565492075727E-002   8.4527109114956506E-002
   682.00000000000000        6.6097166865681373E-002   7.8871533021296000E-002
   683.00000000000000        6.1334500374302610E-002   7.3587104528119757E-002
   684.00000000000000        5.6902252802040844E-002   6.8650417632578731E-002
   685.00000000000000        5.2805228139493329E-002   6.4039416992890549E-002
   686.00000000000000        4.8992586046827900E-002   5.9733336916240491E-002
   687.00000000000000        4.5468716902318650E-002   5.5712640660466405E-002
   688.00000000000000        4.2189450790383824E-002   5.1958960487459266E-002
   689.00000000000000        3.9158738840127473E-002   4.8455038824627934E-002
   690.00000000000000        3.6338316363687811E-002   4.5184670819970858E-002
   691.00000000000000        3.3731697092467344E-002   4.2132648515135644E-002
   692.00000000000000        3.1305809553538941E-002   3.9284706808271071E-002
   693.00000000000000        2.9063749279955694E-002   3.6627471333509729E-002
   694.00000000000000        2.6976987386814411E-002   3.4148408345676777E-002
   695.00000000000000        2.5048230522326301E-002   3.1835776666491351E-002
   696.00000000000000        2.3252905972457241E-002   2.9678581721379868E-002
   697.00000000000000        2.1593365973808568E-002   2.7666531673400965E-002
   698.00000000000000        2.0048471024159940E-002   2.5789995642098319E-002
   699.00000000000000        1.8620255215158771E-002   2.4039963979829347E-002
   700.00000000000000        1.7290549817741020E-002   2.2408010565795399E-002
   701.00000000000000        1.6061106654065117E-002   2.0886257068213086E-002
   702.00000000000000        1.4916321570704447E-002   1.9467339117451920E-002
   703.00000000000000        1.3857698246501425E-002   1.8144374327200934E-002
   704.00000000000000        1.2871842247648752E-002   1.6910932096536296E-002
   705.00000000000000        1.1960040695303141E-002   1.5761005122898693E-002
   706.00000000000000        1.1110800225627160E-002   1.4688982554239347E-002
   707.00000000000000        1.0325220103277263E-002   1.3689624707772454E-002
   708.00000000000000        9.5934405277173038E-003   1.2758039282718844E-002
   709.00000000000000        8.9163985822277841E-003   1.1889658995002307E-002
   710.00000000000000        8.2856368299393142E-003   1.1080220562947335E-002
   711.00000000000000        7.7019529071640988E-003   1.0325744974522440E-002
   712.00000000000000        7.1580924311492296E-003   9.6225189684903366E-003
   713.00000000000000        6.6547335123010257E-003   8.9670776638893987E-003
   714.00000000000000        6.1856532923315836E-003   8.3561882745186132E-003
   715.00000000000000        5.7514277153466490E-003   7.7868348474762119E-003
   716.00000000000000        5.3467180524860913E-003   7.2562039672668475E-003
   717.00000000000000        4.9720131265232172E-003   6.7616713695053147E-003
   718.00000000000000        4.6227318304032866E-003   6.3007894107769925E-003
   719.00000000000000        4.2992888175745394E-003   5.8712753437394983E-003
   720.00000000000000        3.9977521528925340E-003   5.4710003490473884E-003
   721.00000000000000        3.7184734361617108E-003   5.0979792781345335E-003
   722.00000000000000        3.4580769541053169E-003   4.7503610632845536E-003
   723.00000000000000        3.2168607961206202E-003   4.4264197537476867E-003
   724.00000000000000        2.9919258610159672E-003   4.1245461389156496E-003
   725.00000000000000        2.7835248443129298E-003   3.8432399217380535E-003
   726.00000000000000        2.5891671382559057E-003   3.5811024076514300E-003
   727.00000000000000        2.4090669566024466E-003   3.3368296762922816E-003
   728.00000000000000        2.2410838489918200E-003   3.1092062051775310E-003
   729.00000000000000        2.0853994394095469E-003   2.8970989163592566E-003
   730.00000000000000        1.9401735196071372E-003   2.6994516187961210E-003
   731.00000000000000        1.8055601153152833E-003   2.5152798208326510E-003
   732.00000000000000        1.6799765374490374E-003   2.3436658887417902E-003
   733.00000000000000        1.5635534409718255E-003   2.1837545287670995E-003
   734.00000000000000        1.4549290931803293E-003   2.0347485715023119E-003
   735.00000000000000        1.3542143646904600E-003   1.8959050387695857E-003
   736.00000000000000        1.2602371723124718E-003   1.7665314744068766E-003
   737.00000000000000        1.1730916391842737E-003   1.6459825215526661E-003
   738.00000000000000        1.0917685189573269E-003   1.5336567301253723E-003
   739.00000000000000        1.0163477589613464E-003   1.4289935792387888E-003
   740.00000000000000        9.4595998443062373E-004   1.3314707002765960E-003
   741.00000000000000        8.8067313819654525E-004   1.2406012872715219E-003
   742.00000000000000        8.1973804984254478E-004   1.1559316821011987E-003
   743.00000000000000        7.6321248989550999E-004   1.0770391228259327E-003
   744.00000000000000        7.1045062268112363E-004   1.0035296442564784E-003
   745.00000000000000        6.6150160067144877E-004   9.3503612055519331E-004
   746.00000000000000        6.1580846946145433E-004   8.7121644034425343E-004
   747.00000000000000        5.7341307104777589E-004   8.1175180542260208E-004
   748.00000000000000        5.3383492069847044E-004   7.5634514478133054E-004
   749.00000000000000        4.9710967001022929E-004   7.0471963615760438E-004
   750.00000000000000        4.6282265894385564E-004   6.5661732788240348E-004
   751.00000000000000        4.3100427330054894E-004   6.1179785425913042E-004
   752.00000000000000        4.0129654851390778E-004   5.7003723816081693E-004
   753.00000000000000        3.7372540526151742E-004   5.3112677495497067E-004
   754.00000000000000        3.4798170732073874E-004   4.9487199225892891E-004
   755.00000000000000        3.2408758359937215E-004   4.6109168039662934E-004
   756.00000000000000        3.0177598660900749E-004   4.2961698877156881E-004
   757.00000000000000        2.8106582460435078E-004   4.0029058369194848E-004
   758.00000000000000        2.6172633814513808E-004   3.7296586348399590E-004
   759.00000000000000        2.4377368140599242E-004   3.4750622700963085E-004
   760.00000000000000        2.2700840045375894E-004   3.2378439196618729E-004
   761.00000000000000        2.1144431831473512E-004   3.0168175959010559E-004
   762.00000000000000        1.9690897790049095E-004   2.8108782261441426E-004
   763.00000000000000        1.8341421338234341E-004   2.6189961354255520E-004
   764.00000000000000        1.7081088561630742E-004   2.4402119049959573E-004
   765.00000000000000        1.5910911974994024E-004   2.2736315810709657E-004
   766.00000000000000        1.4817990860046976E-004   2.1184222100071410E-004
   767.00000000000000        1.3803193280301771E-004   1.9738076777082287E-004
   768.00000000000000        1.2855356423416140E-004   1.8390648325683010E-004
   769.00000000000000        1.1975224920423768E-004   1.7135198726611888E-004
   770.00000000000000        1.1153137205057412E-004   1.5965449791938160E-004
   771.00000000000000        1.0389732172302256E-004   1.4875551794611323E-004
   772.00000000000000        9.6766476641000515E-005   1.3860054236780993E-004
   773.00000000000000        9.0144315152123117E-005   1.2913878611251785E-004
   774.00000000000000        8.3958429584225869E-005   1.2032293020330173E-004
   775.00000000000000        7.8213529105438111E-005   1.1210888525544888E-004
   776.00000000000000        7.2846912883816025E-005   1.0445557110321913E-004
   777.00000000000000        6.7862621245006158E-005   9.7324711457130194E-005
   778.00000000000000        6.3206347948337668E-005   9.0680642567516888E-005
   779.00000000000000        5.8881567295986507E-005   8.4490134939780445E-005
   780.00000000000000        5.4841234663638522E-005   7.8722227211704173E-005
   781.00000000000000        5.1088329431536652E-005   7.3348071363756460E-005
   782.00000000000000        4.7582096343158975E-005   6.8340788489747845E-005
   783.00000000000000        4.4325096249336002E-005   6.3675334407812249E-005
   784.00000000000000        4.1282007910244896E-005   5.9328374440720751E-005
   785.00000000000000        3.8455028312297890E-005   5.5278166740237437E-005
   786.00000000000000        3.5813550943107844E-005   5.1504453572825844E-005
   787.00000000000000        3.3359463554160244E-005   4.7988360023712383E-005
   788.00000000000000        3.1066232283529065E-005   4.4712299613318091E-005
   789.00000000000000        2.8935470876409770E-005   4.1659886354550312E-005
   790.00000000000000        2.6944183798284899E-005   3.8815852811585565E-005
   791.00000000000000        2.5093749256582903E-005   3.6165973750724703E-005
   792.00000000000000        2.3364230297112335E-005   3.3696995001813110E-005
   793.00000000000000        2.1756802171570241E-005   3.1396567174729798E-005
   794.00000000000000        2.0254177554296772E-005   2.9253183899689641E-005
   795.00000000000000        1.8857354685988505E-005   2.7256124282691311E-005
   796.00000000000000        1.7551345746686583E-005   2.5395399288494446E-005
   797.00000000000000        1.6336991451408837E-005   2.3661701783124935E-005
   798.00000000000000        1.5201297135507155E-005   2.2046359986187126E-005
   799.00000000000000        1.4144963596621021E-005   2.0541294100295328E-005
   800.00000000000000        1.3156716935786577E-005   1.9138975900809174E-005
