propagating solitary wave in a periodic domain of [0.0, 400.0] meters with initial maximal amplitude at 200.0 meters 

results of non-hydrostatic model (using DG model): non-linear dispersive model applying linear vertical pressure profile

1st column: coordinates of dofs with linear basis functions 
2nd to 12th column: total water heigth in meters at times t=[0., 10., 20., 30., 40., 50., 60., 70., 80., 90., 100.] seconds 

0.0     10.0000057708     10.0101565679     11.1718320436     9.99608785275     9.99893403723     10.1145587311     10.1962855308     9.96956949866     9.98741481867     11.4694568963     10.1171603209
4.0     10.0000076573     10.0076567091     11.3802281139     9.99449879006     9.99924359666     10.0836141956     10.2169733885     9.97683694587     9.9887694022     11.2091064709     10.1120056862
4.0     10.0000076573     10.0075646045     11.3844143516     9.99411732616     9.99928919402     10.0824378139     10.2147266836     9.97656584749     9.9886847294     11.2007732377     10.1118114629
8.0     10.0000101604     10.0056717201     11.5952034991     9.99321745846     9.99979195609     10.0600920421     10.245421126     9.98612344617     9.99146899825     10.9539782871     10.1074209729
8.0     10.0000101604     10.0056022074     11.6033418239     9.99271543753     9.9998553158     10.0592189602     10.2425275963     9.98590292102     9.99143816681     10.9468134888     10.1071560474
12.0     10.0000134818     10.0041593791     11.7942650284     9.99321208808     10.0003549164     10.0431100417     10.2863917486     9.99756607129     9.99540479207     10.7314080267     10.1039826842
12.0     10.0000134818     10.0041066469     11.8053324713     9.99262911972     10.0004218398     10.0424674142     10.2827619746     9.99740341708     9.99543414455     10.7254874492     10.103630972
16.0     10.0000178889     10.0029959069     11.9495373089     9.99522991827     10.0007031808     10.0308464973     10.3435861126     10.0109073591     10.0001892992     10.5485298346     10.1021809753
16.0     10.0000178889     10.0029556111     11.9611362231     9.99461423164     10.0007575029     10.0303739815     10.3391886542     10.0108075861     10.0002791015     10.5436394593     10.1017202981
20.0     10.0000237367     10.0020878749     12.0329685548     9.99994341806     10.0006575246     10.0219711818     10.4213220395     10.0258136198     10.0053206001     10.4046174938     10.1025599554
20.0     10.0000237367     10.0020567547     12.0420213924     9.99934489734     10.0006846788     10.0216220248     10.416252292     10.0257792727     10.0054649172     10.400571101     10.1019598423
24.0     10.0000314961     10.0013645959     12.0246434293     10.0078666778     10.0001513103     10.0155341972     10.5243144021     10.0418832573     10.0102339212     10.294925695     10.1057382179
24.0     10.0000314961     10.0013402155     12.028739004     10.0073301761     10.0001416527     10.0152745814     10.518891269     10.0419142376     10.0104212407     10.2916186774     10.1049571488
28.0     10.000041792     10.0007727676     11.9205107226     10.0192872053     9.99926213015     10.0108706252     10.6571099841     10.0586582604     10.0143620841     10.2133486813     10.1124506407
28.0     10.000041792     10.000753353     11.9190839587     10.0188470682     9.99921326022     10.0106777607     10.6519824755     10.0587517004     10.0145766281     10.2107143135     10.111432915
32.0     10.0000554535     10.0002726314     11.7352420749     10.034221233     9.9982021854     10.0075175957     10.82299025     10.0756396802     10.0171980061     10.1538753022     10.1236152377
32.0     10.0000554535     10.0002569478     11.7296738864     10.0338975518     9.99811980864     10.0073769705     10.8192009336     10.0757899408     10.0174215583     10.1518458915     10.1222879913
36.0     10.0000735807     9.99983515683     11.4978045625     10.0523994394     9.99726945449     10.0051437939     11.0221903114     10.0923075041     10.0183516768     10.1112228624     10.1404264334
36.0     10.0000735807     9.99982239929     11.4903686741     10.0521961066     9.99716671129     10.0050460385     11.0210981509     10.0925063588     10.0185656478     10.1097172237     10.1386980349
40.0     10.0000976334     9.9994401271     11.2417090703     10.0732887378     9.99677300029     10.0034944627     11.2494793856     10.1081446442     10.0175942798     10.081015521     10.1644724225
40.0     10.0000976334     9.99942983369     11.2342851216     10.0731930779     9.99666848469     10.0034323593     11.2524265296     10.1083816708     10.0177816767     10.0799424314     10.1622345178
44.0     10.0001295483     9.99907514541     10.9953140237     10.0961539504     9.99695231339     10.0023555994     11.4916048113     10.1226639467     10.014883587     10.0597512125     10.1978676237
44.0     10.0001295483     9.9990671467     10.9888133859     10.0961376468     9.99686714296     10.0023217781     11.4992855015     10.1229270939     10.0150305688     10.0590172823     10.1950045295
48.0     10.0001718954     9.9987354557     10.7767191013     10.120159321     9.99791092243     10.0015388539     11.7257919933     10.1354364377     10.0103673449     10.0446938699     10.2433806271
48.0     10.0001718954     9.99872985759     10.7712980227     10.1201803706     9.9978652481     10.0015246037     11.7375056593     10.1357126927     10.0104641383     10.0442103915     10.2397916817
52.0     10.0002280842     9.99842430196     10.5938196249     10.1445026457     9.99957954454     10.0008845177     11.9210605067     10.1461186393     10.0043646875     10.033756879     10.3045213922
52.0     10.0002280842     9.99842147997     10.5893350696     10.1445078635     9.99958891616     10.0008798939     11.934338075     10.1463947135     10.004405786     10.0334445068     10.3001637992
56.0     10.0003026384     9.99815347777     10.4471798392     10.1685657356     10.0017161634     10.0002756775     12.043827362     10.1544767212     9.99732897453     10.0254023867     10.3855245329
56.0     10.0003026384     9.99815405937     10.443471279     10.1684929028     10.0017882567     10.000270761     12.054999946     10.1547396909     9.99731270635     10.0251940645     10.3804839855
60.0     10.0004015599     9.99794371644     10.3332716686     10.1920590271     10.0039420994     9.99965389753     12.0674441655     10.1604053374     9.98979815378     10.0185594306     10.4911245489
60.0     10.0004015599     9.99794853322     10.3302300606     10.1918376377     10.0040744112     9.99964073627     12.0732176125     10.1606431834     9.98972583318     10.0184020893     10.4857143427
64.0     10.0005328109     9.99782455122     10.2468871972     10.2151406404     10.0058061495     9.99902687144     11.982329206     10.1639390972     9.98234022292     10.0125544534     10.62596951
64.0     10.0005328109     9.99783454664     10.2444314228     10.2146908597     10.0059852506     9.99900142697     11.981481355     10.1641410385     9.9822151641     10.012409702     10.620839773
68.0     10.0007069542     9.99783320997     10.1825677932     10.2385009047     10.0068642073     9.998461531     11.8012457664     10.1652549068     9.97550139166     10.0070457347     10.7934858496
68.0     10.0007069542     9.99784928973     10.1806170209     10.2377316078     10.0070669069     9.99842492441     11.7951238551     10.1654113479     9.97532805112     10.0068895573     10.7896887176
72.0     10.0009380008     9.99801204049     10.1353096468     10.2634159122     10.0067598544     9.99806120761     11.5556661319     10.1646643919     9.96976325993     10.0019553555     10.9940446325
72.0     10.0009380008     9.99803485497     10.1337761154     10.2622237791     10.0069562151     9.99801973925     11.5470454382     10.1647662761     9.96954669639     10.001776815     10.9929559933
76.0     10.0012445345     9.99840396173     10.1008434044     10.2917812728     10.0052922652     9.99793102777     11.2844741709     10.1625976461     9.96551314713     9.99739619644     11.2224806666
76.0     10.0012445345     9.99843361852     10.0996392836     10.2900536006     10.0054499536     9.99789478369     11.2758174599     10.1626351257     9.96525886998     9.9971952719     11.2254605654
80.0     10.0016512004     9.99904557931     10.0756994324     10.3261373995     10.0024608653     9.99814007946     11.0215260224     10.1595822222     9.96302918971     9.99359546919     11.4654814904
80.0     10.0016512004     9.99908129999     10.0747470666     10.3237620747     10.0025499915     9.99812034306     11.0140560231     10.1595427997     9.96274334513     9.99338030648     11.4732308881
84.0     10.0021906762     9.99995796075     10.0571781404     10.3696894539     9.99848063018     9.9986907539     10.7885587195     10.1562232848     9.96247948383     9.99081929245     11.7000708296
84.0     10.0021906762     9.99999772284     10.0564172591     10.3665767809     9.998478121     9.9986968068     10.7824585502     10.1560897603     9.96216923862     9.99060323424     11.7118726973
88.0     10.00290628     10.0011356862     10.0432794986     10.4263052733     9.99376678818     9.99950454555     10.5948828408     10.1531908524     9.96393272776     9.98930430414     11.8949923847
88.0     10.00290628     10.0011759266     10.0426692217     10.4224274447     9.99365947724     9.99954067057     10.589917784     10.1529393365     9.96360667512     9.9891030597     11.9083393732
92.0     10.0038554165     10.0025356659     10.0326092422     10.5004410744     9.9888923692     10.0004297699     10.4409497955     10.1512182212     9.96737662116     9.98920224918     12.0164889384
92.0     10.0038554165     10.0025711617     10.0321252337     10.4958942933     9.9886783305     10.0004932895     10.4368747396     10.1508161485     9.96704504834     9.98903147124     12.0276758242
96.0     10.0051141261     10.0040682341     10.0242652139     10.5969009478     9.98452602025     10.001271067     10.3224568146     10.1511139185     9.97273964413     9.99054221547     12.0380679616
96.0     10.0051141261     10.004092306     10.0238936544     10.5919897212     9.98421412367     10.0013520361     10.3191198476     10.1505177452     9.97241454271     9.99041562217     12.0437994881
100.0     10.0067830787     10.0055939281     10.0177080387     10.7202917768     9.98136015473     10.0018345988     10.23335542     10.1537900005     9.97991170475     9.9932131754     11.950761209
100.0     10.0067830787     10.005599115     10.0174386824     10.7156196158     9.98096823121     10.0019173585     10.2306636044     10.1529424684     9.97960644311     9.99314123478     11.9498584668
104.0     10.0089954515     10.0069297122     10.0126276189     10.8740082469     9.98004014306     10.0019781252     10.1675626145     10.1603118656     9.98875959774     9.99696715286     11.7682671044
104.0     10.0089954515     10.006909008     10.0124481771     10.8705299156     9.97959237485     10.0020444212     10.1654378132     10.1591394122     9.98848820937     9.99695626555     11.762132162
108.0     10.0119272528     10.0078676815     10.0088232986     11.0586173313     9.98110368189     10.0016530954     10.1197313638     10.1719755913     9.9991344624     10.0014410077     11.5229197259
108.0     10.0119272528     10.0078162913     10.008716734     11.0575704575     9.98062782664     10.0016860328     10.1180923279     10.1703873191     9.99891056002     10.0014930899     11.5143496774
112.0     10.015810791     10.0082070247     10.0061158662     11.2696835475     9.98493626131     10.0009272795     10.0854743261     10.1904144366     10.0108705158     10.0061927797     11.2539909665
112.0     10.015810791     10.0081243781     10.0060610479     11.2723014151     9.98446113659     10.0009151655     10.0842373467     10.1883046515     10.0107059471     10.0063051541     11.2454288682
116.0     10.020952147     10.0077961813     10.0043024692     11.4954664182     9.99174490851     9.9999810272     10.0613192117     10.2177263403     10.0237768548     10.0107470149     10.9951398488
116.0     10.020952147     10.0076876836     10.0042773984     11.5024322561     9.99129831666     9.99992020832     10.0604041303     10.2149833154     10.0236803479     10.0109125477     10.9877786959
120.0     10.0277536613     10.0065773473     10.0031534809     11.7155089965     10.0015492574     9.99907665592     10.0445611857     10.2566022969     10.0376261935     10.0146427467     10.7675219006
120.0     10.0277536613     10.0064551544     10.0031394154     11.726296057     10.0011563242     9.99897274375     10.0438958668     10.2531273165     10.0376023153     10.0148502138     10.7615333533
124.0     10.0367425582     10.0046213022     10.0024383848     11.9016386708     10.0141871765     9.99850686794     10.0331004268     10.3104227366     10.0521451788     10.0174779782     10.5797620514
124.0     10.0367425582     10.0045034184     10.0024230255     11.9141412505     10.0138689683     9.99837414957     10.0326223284     10.3061658532     10.0521938693     10.0177126811     10.5749180168
128.0     10.0486068283     10.0021390812     10.0019609821     12.0227150554     10.0293317873     9.99853275946     10.0253057381     10.3832702374     10.0670102307     10.0189455656     10.4316936301
128.0     10.0486068283     10.0020464109     10.0019394784     12.0336683866     10.0291040613     9.99839196785     10.0249616507     10.3782905259     10.0671269837     10.0191902366     10.427758774
132.0     10.0642392207     9.99946021817     10.0015854167     12.0529869248     10.0465173325     9.99932394989     10.0199172882     10.479772616     10.0818513421     10.0188570993     10.3185123007
132.0     10.0642392207     9.99941186792     10.0015590159     12.0592876987     10.0463893474     9.99919884715     10.0196626729     10.4743268915     10.0820278952     10.0190931127     10.3153373975
136.0     10.0847894312     9.9969757051     10.0012425822     11.9813709392     10.0651724013     10.0009125964     10.0159855065     10.6046403497     10.0962648299     10.017153349     10.2337775166
136.0     10.0847894312     9.99698363395     10.0012157587     11.9816154637     10.0651458061     10.0008259767     10.0157843258     10.5992890124     10.0964901462     10.0173621843     10.2312631911
140.0     10.1117228744     9.99505569757     10.0009171498     11.8169569278     10.0846598726     10.0031702001     10.0128346717     10.7617168112     10.1098349252     10.0139017448     10.1711133861
140.0     10.1117228744     9.99512042704     10.0008945507     11.8120520371     10.0847277821     10.0031399721     10.012659887     10.7574045931     10.1100963025     10.014066556     10.1691679642
144.0     10.1468811722     9.99396327473     10.0006236644     11.5868446082     10.104323227     10.005812019     10.0100367698     10.9523714481     10.1221627691     10.0092829683     10.1249841352
144.0     10.1468811722     9.99407241687     10.0006080213     11.579173348     10.104469628     10.0058480049     10.0098711138     10.9503973365     10.1224469922     10.0093900496     10.123508661
148.0     10.1925337127     9.99379104096     10.000382738     11.3267102352     10.1235384947     10.008429332     10.0073826067     11.1732138601     10.1328993945     10.003569858     10.0909355696
148.0     10.1925337127     9.99392167965     10.0003742413     11.3186043167     10.1237381058     10.0085313248     10.0072189725     11.1749759762     10.1331938305     10.0036097877     10.0898275486
152.0     10.2514001691     9.99444306298     10.0002054899     11.0693510963     10.1417702622     10.0105452971     10.0048417696     11.4134863197     10.1417771828     9.99710229787     10.0655701123
152.0     10.2514001691     9.99456765866     10.0002023965     11.0621206498     10.1419888742     10.0107027394     10.0046826013     11.4199275939     10.1420706259     9.99707060425     10.0647328061
156.0     10.3266095595     9.99567035142     10.0000887715     10.8372412873     10.1586292217     10.0116861995     10.0025092794     11.6531207318     10.1486334821     9.99026143605     10.0464087638
156.0     10.3266095595     9.99576434315     10.0000885854     10.8312086731     10.1588244115     10.011879574     10.0023646382     11.6639814023     10.1489165316     9.99015871827     10.0457589005
160.0     10.4215421879     9.99714865434     10.0000187073     10.6412080304     10.1739282159     10.0114570166     10.0005428893     11.8630947385     10.1534215243     9.98344557659     10.0317186747
160.0     10.4215421879     9.99719704181     10.0000192578     10.6362284961     10.1740501853     10.0116607128     10.0004272643     11.8763765887     10.1536863953     9.98327709532     10.0311905877
164.0     10.5394796332     9.99857126498     9.99997774558     10.4831650034     10.1877339828     10.0096090692     9.99909936558     12.0097563325     10.1562069942     9.97704880486     10.020342886
164.0     10.5394796332     9.99857173563     9.9999777646     10.4790314141     10.1877261793     10.0097951784     9.99902767024     12.0219907577     10.156446846     9.97682361997     10.0198894571
168.0     10.6829747404     9.99972484978     9.99995088459     10.3598553448     10.200413024     10.0060885505     9.9982798067     12.0634438445     10.1571522247     9.9714424404     10.0115472322
168.0     10.6829747404     9.99968646051     9.99995003797     10.3564310211     10.2002122056     10.0062308492     9.99826325635     12.0710331511     10.1573602212     9.97117222723     10.0111386351
172.0     10.8528698636     10.0005254854     9.9999288102     10.265834356     10.2126720467     10.0010580029     9.99809300444     12.0089491083     10.1564928993     9.96695912584     10.0048893476
172.0     10.8528698636     10.0004638094     9.99992737726     10.2630371361     10.2122076061     10.001135372     9.99813565372     12.0099647641     10.1566612585     9.96665685362     10.004510508
176.0     11.0469725031     10.0010101741     9.99990786506     10.1952915661     10.2255957541     9.99488776003     9.99844259966     11.8527254367     10.1545138443     9.96387968682     10.000110496
176.0     11.0469725031     10.0009411762     9.99990632877     10.1930534389     10.2247884542     9.99488647338     9.99853923997     11.8478459043     10.1546331311     9.9635583799     9.99975794197
180.0     11.2585805473     10.0012965956     9.99988810089     10.1429529015     10.2406865621     9.98811982314     9.99913929155     11.6219223505     10.151530547     9.96242339133     9.99704940603
180.0     11.2585805473     10.0012316543     9.99988684299     10.1412005182     10.2394474114     9.98803445347     9.99927518287     11.6137010743     10.1515893914     9.9620951841     9.99672795412
184.0     11.4753359368     10.0015327174     9.99987094     10.1044145581     10.2599110274     9.98141123464     9.99993464796     11.3547430342     10.147881112     9.96274241836     9.9955768259
184.0     11.4753359368     10.0014762617     9.99987011541     10.103068784     10.2581419222     9.98124425921     10.0000872272     11.3458778138     10.1478663344     9.9624180436     9.99529638422
188.0     11.6791729236     10.0018559694     9.99985750638     10.0761776591     10.2857550713     9.97546665603     10.0005690641     11.0875292361     10.1439300297     9.96492099443     9.99554937078
188.0     11.6791729236     10.0018058202     9.99985706919     10.0751603105     10.2833541493     9.97522709827     10.0007113852     11.0796162043     10.1438268875     9.9646097274     9.99532202763
192.0     11.8481619975     10.0023726391     9.9998479729     10.055549409     10.32128283     9.9709701627     10.0008238663     10.8457509452     10.1400820213     9.96897888271     9.99678107787
192.0     11.8481619975     10.0023220743     9.99984777699     10.0547895653     10.3181592121     9.97067172551     10.0009291611     10.8392171242     10.1398741082     9.9686888374     9.99661857321
196.0     11.9605273513     10.0031578779     9.99984170571     10.0405008143     10.370179803     9.96852458696     10.0005669381     10.6419585548     10.1368027774     9.97487803287     9.99903079047
196.0     11.9605273513     10.0030980444     9.99984160456     10.0399382538     10.3662842916     9.96818371521     10.0006134286     10.6366466364     10.1364711257     9.97461661343     9.99894242687
200.0     12.0     10.0042697763     9.99983774908     10.0295247384     10.436737234     9.96860393527     9.9997826847     10.4786276483     10.1346438297     9.9825305863     10.0020030857
200.0     12.0     10.0041912751     9.99983765201     10.0291107313     10.4321162224     9.968238133     9.99975769984     10.474288046     10.1341649091     9.98230486439     10.0019941159
204.0     11.9605273513     10.0057690848     9.99983525729     10.0215123692     10.5256987687     9.97152143984     9.99858034061     10.3523383644     10.1342705467     9.99180635197     10.005360043
204.0     11.9605273513     10.0056620883     9.9998351366     10.0212088247     10.5205753685     9.97114801931     9.99848292404     10.3488002057     10.1336130757     9.99162318251     10.0054305682
208.0     11.8481619975     10.0077387893     9.99983368924     10.0156530575     10.6418445228     9.97741339698     9.99717884742     10.2571462757     10.1364949644     10.0025383967     10.0087408436
208.0     11.8481619975     10.0075917029     9.99983355621     10.015430925     10.636718362     9.97704869732     9.99702035157     10.2543032816     10.1356157793     10.0024041869     10.0088852625
212.0     11.6791729236     10.0103029311     9.99983277531     10.0113564578     10.7891447851     9.98623741361     9.99587084657     10.1866454066     10.1423181883     10.0145263573     10.0117860669
212.0     11.6791729236     10.0101002839     9.99983264492     10.0111939637     10.7848751978     9.98589642113     9.99567341145     10.1844085312     10.1411578741     10.0144465328     10.0119931136
216.0     11.4753359368     10.0136487579     9.99983236677     10.0081936157     10.9693152175     9.99778296992     9.99497187856     10.1349989273     10.1529888822     10.0275381233     10.0141636018
216.0     11.4753359368     10.0133695495     9.99983222176     10.0080746405     10.967111857     9.99747920641     9.99476508652     10.1332734223     10.1514684058     10.0275164474     10.0144169895
220.0     11.2585805473     10.0180570773     9.99983231545     10.0058531851     11.1797194286     10.0116920396     9.99476311215     10.0973407607     10.1700832547     10.0413112778     10.0155932757
220.0     11.2585805473     10.0176749105     9.99983207826     10.0057658989     11.1809327639     10.0114375525     9.9945794108     10.0960266276     10.1681034909     10.0413492299     10.0158729154
224.0     11.0469725031     10.0239407585     9.99983254915     10.0041092828     11.4108927534     10.027487583     9.99543671413     10.0698475106     10.1956072502     10.055555859     10.0158676041
224.0     11.0469725031     10.0234264929     9.99983208407     10.0040450591     11.4165225868     10.0272928671     9.99530636833     10.0688490984     10.1930543296     10.0556522606     10.016151287
228.0     10.8528698636     10.0318826629     9.99983345686     10.0027980846     11.6445396853     10.0446078443     9.99705248532     10.049656667     10.2321127231     10.0699595888     10.0148664947
228.0     10.8528698636     10.0312091512     9.99983263713     10.0027506644     11.6545328477     10.0444815516     9.99699885664     10.0488917813     10.2288737233     10.0701105767     10.0151318479
232.0     10.6829747404     10.0426573268     9.99983646204     10.0018008928     11.8535053423     10.0624444738     9.99951290443     10.0347213026     10.2828040607     10.0841958908     10.0125643917
232.0     10.6829747404     10.0418045912     9.99983531131     10.0017657556     11.8661877725     10.0623928335     9.99954878337     10.034126272     10.2787994619     10.08439522     10.01279085
236.0     10.5394796332     10.0572210085     9.99984426164     10.0010319541     12.0053677353     10.0803825541     10.0025614441     10.0236435047     10.3515869332     10.0979341493     10.0090292439
236.0     10.5394796332     10.0561796094     9.99984310105     10.0010058552     12.0175667144     10.0804085353     10.0026869992     10.023174019     10.3468272224     10.0981737009     10.0091997713
240.0     10.4215421879     10.076663938     9.99985997007     10.0004297473     12.070212762     10.0978405625     10.0058060602     10.0155063699     10.4429743899     10.1108511049     10.0044137914
240.0     10.4215421879     10.0754345971     9.9998594183     10.0004103838     12.0783986349     10.097942926     10.0060087331     10.0151351409     10.4376455557     10.1111214295     10.0045161273
244.0     10.3266095595     10.1021335351     9.99988481952     9.99995077179     12.0306525509     10.1143080184     10.0087662208     10.0097161901     10.5617190759     10.1226422622     9.99894077683
244.0     10.3266095595     10.1007221829     9.99988549669     9.99993654576     12.0326497218     10.1144804582     10.009022601     10.0094287243     10.5562900465     10.1229330154     9.99896808321
248.0     10.2514001691     10.1347519225     9.9999152769     9.99956508989     11.8895055842     10.1293780546     10.0109380149     10.0058644307     10.7119950814     10.1330326451     9.99288453978
248.0     10.2514001691     10.1331609151     9.9999172171     9.99955493218     11.8855779475     10.1296085615     10.0112173922     10.0056540804     10.7073135666     10.1333328649     9.99283544095
252.0     10.1925337127     10.1755594132     9.99994182886     9.99925305569     11.6702306136     10.1427718685     10.01186831     10.0036182862     10.8959460848     10.1417868854     9.98655176921
252.0     10.1925337127     10.1737773727     9.99994386156     9.99924627864     11.6626295996     10.1430422944     10.0121372827     10.003481514     10.8932464551     10.142085169     9.98642987974
256.0     10.1468811722     10.2255140688     9.99995205087     9.99900287295     11.4088227617     10.154352825     10.0112264135     10.0026465788     11.1115215899     10.1487190869     9.98026385518
256.0     10.1468811722     10.2235083868     9.9999516048     9.99899903349     11.4002107861     10.154638516     10.0114536952     10.0025791089     11.1122310624     10.1490038022     9.98007695484
260.0     10.1117228744     10.2855646114     9.99993895687     9.99880884221     11.1415213446     10.1641304851     10.008861096     10.0025839427     11.3498473692     10.1537028769     9.97434238823
260.0     10.1117228744     10.2832818802     9.99993269039     9.99880762489     11.1336380265     10.1643999233     10.0090216037     10.0025782001     11.3550942346     10.1539625508     9.97410141334
264.0     10.0847894312     10.3567906744     9.99991225171     9.99867028542     10.8952225176     10.1722583715     10.0048327423     10.0030311394     11.5929728955     10.1566814876     9.96909818055
264.0     10.0847894312     10.3541708479     9.99989755887     9.99867143881     10.8886407378     10.1724729841     10.0049102103     10.0030751268     11.6028496091     10.1569054449     9.96881617027
268.0     10.0642392207     10.4405728542     9.99990665306     9.99859104878     10.6843715327     10.1790318582     9.99941477077     10.0035840812     11.8135462149     10.1576768257     9.96482310208
268.0     10.0642392207     10.4375822779     9.99988356323     9.99859440334     10.6789992238     10.1791462523     9.99940251303     10.0036616176     11.8264676249     10.157856036     9.96451418612
272.0     10.0486068283     10.5387190337     9.99998025872     9.99857918148     10.5130632928     10.1848923775     9.99306441692     10.0038799283     11.978203642     10.1567956682     9.96178336175
272.0     10.0486068283     10.5354046919     9.99995281435     9.99858473108     10.5086577124     10.1848549897     9.99296435488     10.0039719933     11.9909505466     10.1569236324     9.96146182832
276.0     10.0367425582     10.653438535     10.000198631     9.99864608266     10.3789919046     10.1904416364     9.9863689546     10.0036465257     12.0554302135     10.1542307573     9.96021279069
276.0     10.0367425582     10.6499993837     10.0001747674     9.99865404738     10.3753751113     10.1901952777     9.98618946203     10.0037333268     12.0642774409     10.154304164     9.95989224618
280.0     10.0277536613     10.7870307417     10.0006065606     9.99880444235     10.2768922286     10.1964676385     9.9799777225     10.0027420629     12.0260527737     10.1502549501     9.9603051644
280.0     10.0277536613     10.7838897942     10.0005959446     9.99881519642     10.2739587601     10.1959491885     9.97973106311     10.0028053896     12.0285766878     10.150273782     9.95999779462
284.0     10.020952147     10.9411553836     10.0011969403     9.99906488258     10.2007435124     10.2039853145     9.9745318781     10.0011750981     11.8916267482     10.1452078811     9.96220542309
284.0     10.020952147     10.9389972429     10.0012070332     9.99907867622     10.1984142255     10.2031243149     9.97423194928     10.0012005549     11.8879421929     10.1451746887     9.96192138202
288.0     10.015810791     11.1156046778     10.0018912342     9.99943216087     10.1449024456     10.2142967755     9.97060261594     9.99910020176     11.6753988594     10.1394767724     9.96600051607
288.0     10.015810791     11.1153225757     10.0019227069     9.99944868971     10.1430957435     10.2130137013     9.97026343679     9.9990789953     11.6677832156     10.1393949898     9.96574748728
292.0     10.0119272528     11.3066430002     10.0025456095     9.99990255668     10.1045514079     10.2290747863     9.96864557034     9.99679010801     11.4141748831     10.1334756141     9.97171123359
292.0     10.0119272528     11.3091339147     10.0025887681     9.99992057761     10.103178292     10.2272806968     9.96828061851     9.99672017338     11.4054269888     10.1333470624     9.97149421871
296.0     10.0089954515     11.505254173     10.0029899438     10.0004639587     10.0757804727     10.2504654399     9.96897536182     9.99458999098     11.1454681668     10.1276289552     9.97928663833
296.0     10.0089954515     11.5110416975     10.0030237354     10.0004812187     10.074750914     10.2480654118     9.96859761484     9.99447634242     11.1374501568     10.1274509749     9.97910801801
300.0     10.0067830787     11.696017984     10.0030954888     10.0010989295     10.0555053245     10.2811951334     9.97176041581     9.99286230546     10.8972689487     10.1223667612     9.98860254178
300.0     10.0067830787     11.7047964042     10.0030899167     10.0011125896     10.0547360743     10.278099074     9.97138282454     9.99271657138     10.8905994368     10.1221295606     9.98846243083
304.0     10.0051141261     11.8576518064     10.002855106     10.0017890925     10.0413325817     10.3246564983     9.97703456936     9.99193122953     10.6846271255     10.1181345413     9.99946496238
304.0     10.0051141261     11.8680044665     10.0027767389     10.0017965975     10.0407525155     10.3208032461     9.97667063545     9.99177039542     10.6792016376     10.1178191995     9.99936184475
308.0     10.0038554165     11.966149151     10.0024525332     10.0025176473     10.0314266709     10.384934426     9.98471902479     9.99203451019     10.5118089801     10.1154189819     10.0116187532
308.0     10.0038554165     11.9757602875     10.0022716962     10.0025177102     10.0309792622     10.3803372257     9.984383131     9.99187896235     10.5073559344     10.1149961195     10.0115503367
312.0     10.00290628     12.0005553408     10.002297515     10.0032668508     10.0243993611     10.4667066934     9.9946467915     9.99328821327     10.3764541516     10.1147858874     10.0247607094
312.0     10.00290628     12.0070297567     10.0019951541     10.0032600525     10.0240430194     10.4615268289     9.99435397769     9.99315925933     10.3727739557     10.1142145915     10.0247248797
316.0     10.0021906762     11.9498043802     10.0030122216     10.0040094372     10.0192253684     10.5749096413     10.0065827143     9.99566734003     10.2731984118     10.1169267022     10.0385556141
316.0     10.0021906762     11.9517375548     10.0025845672     10.0039980063     10.0189323643     10.5695552358     10.0063477594     9.99558446804     10.2701761577     10.116153209     10.0385512962
320.0     10.0016512004     11.8175752869     10.0053681374     10.0046965866     10.0151790248     10.7140110079     10.0202354199     9.99900311369     10.1959763128     10.1227127399     10.0526531079
320.0     10.0016512004     11.8151612995     10.0048280335     10.0046832508     10.0149334446     10.7092350339     10.0200713568     9.99898131863     10.1935335342     10.1216688134     10.0526807913
324.0     10.0012445345     11.6222125317     10.0101864195     10.0052485298     10.0117842029     10.8867143916     10.035261714     10.002996245     10.1391832165     10.1332601139     10.0667032915
324.0     10.0012445345     11.6169227466     10.0095611643     10.0052347951     10.0115791995     10.883647629     10.0351781452     10.0030437853     10.1372464954     10.1318618251     10.0667649899
328.0     10.0009380008     11.3911220947     10.0182238842     10.0055551967     10.008770201     11.0919923301     10.0512673836     10.0072445785     10.0981093754     10.150009463     10.0803697539
328.0     10.0009380008     11.3847399404     10.0175502185     10.0055398018     10.0086048085     11.0920070725     10.0512690485     10.0073615138     10.0966033712     10.1481578676     10.0804683015
332.0     10.0007069542     11.1524101128     10.0300690213     10.005492166     10.006028492     11.3225985224     10.0678098846     10.0112828275     10.0689861601     10.1748206893     10.09334002
332.0     10.0007069542     11.1462001996     10.0293862939     10.0054705655     10.0059043725     11.3268977573     10.0678958397     10.0114606212     10.0678378982     10.1724066787     10.0934778365
336.0     10.0005328109     10.9280326897     10.0460686022     10.0049517521     10.0035679298     11.5627229026     10.0844078977     10.0146311817     10.0488610092     10.2100747592     10.1053345278
336.0     10.0005328109     10.9225322277     10.0454111449     10.0049171924     10.0034864982     11.5716603376     10.0845714719     10.0148535106     10.0480050455     10.2069915636     10.1055122133
340.0     10.0004015599     10.7310200372     10.066298309     10.0038822012     10.001468412     11.7871482145     10.1005606248     10.0168482228     10.0354223401     10.258763593     10.1161153761
340.0     10.0004015599     10.7262958728     10.0656878798     10.0038283502     10.0014287475     11.7995407045     10.1007901009     10.0170929274     10.034802944     10.2549324216     10.1163305951
344.0     10.0003026384     10.566349109     10.0905833234     10.0023225389     9.99983483585     11.9636729196     10.1157766255     10.0175821107     10.0268355399     10.3245329667     10.1254950016
344.0     10.0003026384     10.5623133758     10.0900222965     10.0022469363     9.99983262241     11.9766486551     10.116056408     10.0178239796     10.0264059559     10.319949315     10.1257420034
348.0     10.0002280842     10.4334903599     10.1185686859     10.0004192417     9.99875453689     12.0599018025     10.1296088446     10.0166131421     10.0216161687     10.4116154943     10.1333433463
348.0     10.0002280842     10.4300601723     10.1180345951     10.0003263519     9.99878203338     12.0697674901     10.1299207659     10.016827039     10.0213363472     10.4064228647     10.1336132118
352.0     10.0001718954     10.328961471     10.1498347288     9.99841478564     9.9982624149     12.0532756297     10.1416903922     10.0138813159     10.0185468468     10.5245460908     10.1395912001
352.0     10.0001718954     10.3260846757     10.1492767738     9.99831738521     9.99830924169     12.0572196089     10.1420148236     10.0140450857     10.0183810339     10.5191350169     10.1398726714
356.0     10.0001295483     10.2481697803     10.1840493288     9.99660630187     9.99831854209     11.9402627669     10.1517653798     10.0094947467     10.0166334657     10.667499329     10.1442280347
356.0     10.0001295483     10.2458037949     10.1833874779     9.99652435533     9.99837296116     11.9378076121     10.1520819431     10.0095914321     10.0165485688     10.6626069698     10.1445086881
360.0     10.0000976334     10.1864944304     10.221145387     9.99528224067     9.99880274861     11.7393271807     10.1597106465     10.0037182377     10.0150906461     10.8430615396     10.1472943887
360.0     10.0000976334     10.1845892059     10.2202727377     9.99523917309     9.99885313005     11.7323479405     10.1599984893     10.0037373399     10.0150557598     10.8398086599     10.147561941
364.0     10.0000735807     10.1398103535     10.2615085182     9.9946526795     9.99952887293     11.484863253     10.1655468347     9.99694500464     10.0133439044     11.0503175913     10.1488705124
364.0     10.0000735807     10.1383056178     10.2602977116     9.99466976706     9.99956513669     11.4761580636     10.1657845446     9.99688276917     10.0133309306     11.050079938     10.1491140749
368.0     10.0000554535     10.1046722431     10.3061564425     9.99479202872     10.0002777401     11.2150165889     10.1694401466     9.98965731802     10.0110359462     11.2823870319     10.1490636573
368.0     10.0000554535     10.1035028528     10.3044713854     9.99488224873     10.0002926554     11.2067098501     10.169605407     9.98951622309     10.0110209354     11.2863967638     10.1492747185
372.0     10.000041792     10.0783183237     10.356887764     9.99561047947     10.000842973     10.9604003432     10.1716984081     9.98238293665     10.0080264126     11.5240537632     10.1479962983
372.0     10.000041792     10.0774209214     10.3546028835     9.99577341572     10.0008332215     10.9533643696     10.1717674391     9.98217066031     10.00799111     11.5327317118     10.1481691959
376.0     10.0000314961     10.0585929296     10.4163722619     9.99686352949     10.0010788905     10.7390075311     10.1727661995     9.97565357335     10.0043777787     11.7508112127     10.1457974545
376.0     10.0000314961     10.0579106447     10.4134029307     9.99708276448     10.001045746     10.7332553214     10.1727129129     9.97538171668     10.004310879     11.7630759547     10.1459292098
380.0     10.0000237367     10.0438428412     10.4881446051     9.99819949816     10.0009370297     10.5572819473     10.1732237335     9.96996976548     10.0003242704     11.9310518935     10.1425992429
380.0     10.0000237367     10.0433274915     10.4844933576     9.99844338123     10.0008864369     10.5525595551     10.1730184237     9.96965254903     10.0002220184     11.9441297556     10.1426888519
384.0     10.0000178889     10.0328147894     10.5764448352     9.99923571128     10.0004790287     10.4140311129     10.1737934141     9.965774226     9.99622481036     12.0325401087     10.1385401269
384.0     10.0000178889     10.0324271986     10.5722664799     9.99946159324     10.0004208621     10.4101279765     10.1734007988     9.96542729521     9.99609077618     12.0427654267     10.1385875703
388.0     10.0000134818     10.0245657917     10.6858208596     9.99964733351     9.99985926118     10.3042706633     10.1753572453     9.96343374175     9.99250438063     12.0322112751     10.1337744883
388.0     10.0000134818     10.0242750223     10.6815016709     9.99980849908     9.99980567411     10.3010664511     10.1747337933     9.96307314988     9.99234843026     12.0366838776     10.1337797126
392.0     10.0000101604     10.018389612     10.8203775752     9.99925021773     9.99927950104     10.2218421666     10.1789877711     9.96322837712     9.98959030814     11.9254473661     10.1284858965
392.0     10.0000101604     10.0181717275     10.8166053293     9.99930406122     9.99924252217     10.2192603121     10.1780785202     9.96286976927     9.9894269263     11.9235177047     10.1284478926
396.0     10.0000076573     10.0137586467     10.9825501209     9.99806106814     9.99892721155     10.1608230001     10.185994971     9.96534619483     9.98785069688     11.7295021489     10.1229002421
396.0     10.0000076573     10.0135953761     10.9803216885     9.99797675278     9.99891602631     10.1587913702     10.1847304459     9.96500419044     9.98769689662     11.7228895744     10.1228162603
400.0     10.0000057708     10.0102790529     11.1713469327     9.99632384553     9.99891548189     10.1161203222     10.1979910572     9.96988174556     9.98754174828     11.4780114333     10.1172954062
