propagating solitary wave in a periodic domain of [0.0, 400.0] meters with initial maximal amplitude at 200.0 meters 

results of non-hydrostatic model (using DG model): non-linear dispersive model applying quadratic vertical pressure profile

1st column: coordinates of dofs with linear basis functions 
2nd to 12th column: total water heigth in meters at times t=[0., 10., 20., 30., 40., 50., 60., 70., 80., 90., 100.] seconds 

0.0     10.0000057708     10.0119255856     11.3959468337     9.99919489629     10.0004048802     10.1275814984     10.2463027615     9.98633651214     9.99559248913     11.0258849011     10.0555752235
4.0     10.0000076573     10.0090850373     11.5874818391     9.99688748823     10.00072304     10.0973124808     10.3106330072     9.98762747805     9.99692181564     10.8375755316     10.0640065856
4.0     10.0000076573     10.0089779189     11.5948513656     9.99675458046     10.000782846     10.0962750182     10.3073893249     9.98755834715     9.99690287621     10.8335474246     10.0634735578
8.0     10.0000101604     10.0068357642     11.760861861     9.99470115783     10.0009311253     10.0731857893     10.3878052308     9.98937570465     9.9986031841     10.6687398717     10.0742999384
8.0     10.0000101604     10.0067548531     11.769730961     9.99451993262     10.0009973896     10.0723638485     10.3841930496     9.98931644196     9.99861038902     10.6651599932     10.0736212222
12.0     10.0000134818     10.0051387663     11.8912359299     9.99306735659     10.0008801295     10.054842031     10.4834348613     9.99160317948     10.0005262032     10.526626064     10.0874706084
12.0     10.0000134818     10.0050776859     11.8998900428     9.99284826286     10.0009370627     10.0541986152     10.4796595394     9.99155413585     10.0005583892     10.5234495937     10.0866063274
16.0     10.0000178889     10.0038574723     11.9603856875     9.9923197177     10.000513245     10.0410008101     10.6000881699     9.99424353857     10.0025191216     10.4105162336     10.1042888215
16.0     10.0000178889     10.0038113533     11.9669596196     9.99207383687     10.0005462414     10.0405050493     10.5965139148     9.99420454949     10.0025732262     10.4077260914     10.1031898665
20.0     10.0000237367     10.0028888189     11.9565233411     9.99275021238     9.99984651132     10.0306636387     10.7394910164     9.99722464697     10.0044064554     10.3177477605     10.1257524214
20.0     10.0000237367     10.0028539657     11.9597087995     9.99248701889     9.99984557862     10.0302899691     10.7366607686     9.99719506632     10.0044778211     10.3153445533     10.1243615505
24.0     10.0000314961     10.0021552861     11.8780184287     9.99459834896     9.99897320223     10.0230320888     10.9016808383     10.0004725094     10.0060225036     10.2448342428     10.153143845
24.0     10.0000314961     10.0021289262     11.8775752261     9.99432363961     9.99893535024     10.0227585232     10.9002848133     10.0004511393     10.0061053079     10.2428146869     10.1513991883
28.0     10.000041792     10.0015987394     11.7345006856     9.99805037972     9.9980505497     10.0174472082     11.0839260866     10.0039147512     10.0072238131     10.1881741457     10.1880826747
28.0     10.000041792     10.0015788117     11.7312318512     9.99776451336     9.99798060064     10.0172536236     11.0846845212     10.003899709     10.0073115808     10.1865192887     10.185925067
32.0     10.0000554535     10.0011755929     11.5445262371     10.0032479732     9.9972713827     10.013354496     11.2795890529     10.0074842283     10.0078996362     10.1444414916     10.2325626654
32.0     10.0000554535     10.0011605631     11.5397430271     10.0029445157     9.99718106079     10.013221587     11.2830315548     10.007472828     10.0079857951     10.143116231     10.2299487346
36.0     10.0000735807     10.0008531159     11.3306399494     10.0103058704     9.99682641663     10.010292108     11.4773039643     10.0111233275     10.007979636     10.1107650121     10.2889556204
36.0     10.0000735807     10.00084183     11.3255116129     10.0099706959     9.99673197818     10.0102012862     11.4834799578     10.011112047     10.0080580675     10.1097235769     10.2858787922
40.0     10.0000976334     10.0006067742     11.1139809531     10.0193383272     9.99686473598     10.0078946192     11.6610229541     10.0147891735     10.0074382927     10.0847799144     10.3599548229
40.0     10.0000976334     10.0005983597     11.1091798899     10.0189491728     9.9967837147     10.0078287851     11.6692573982     10.0147737376     10.0075038249     10.0839725172     10.356475757
44.0     10.0001295483     10.0004183944     10.9105519224     10.0304943195     9.99746028648     10.0059018333     11.8114948911     10.0184594407     10.0062956914     10.0646094753     10.448418306
44.0     10.0001295483     10.000412198     10.9062876727     10.0300207252     9.99740808733     10.0058466705     11.8203663413     10.0184349776     10.0063444788     10.0639876967     10.4447038092
48.0     10.0001718954     10.0002748692     10.7299988242     10.0440013687     9.99859104125     10.0041624191     11.9094180132     10.022138064     10.0046146511     10.0488119762     10.5570597963
48.0     10.0001718954     10.0002704144     10.7262424417     10.0434048954     9.99857810023     10.0041077271     11.9170939383     10.0220992327     10.0046443889     10.0483322368     10.5534237005
52.0     10.0002280842     10.0001671693     10.5763621075     10.0602174126     10.0001352137     10.002625322     11.9397973745     10.0258601209     10.0024945049     10.0363136191     10.6879294909
52.0     10.0002280842     10.0001641198     10.5730386551     10.0594520594     10.0001652701     10.0025659205     11.9446712811     10.0258010752     10.0025044511     10.0359389642     10.6848597333
56.0     10.0003026384     10.0000895247     10.4497062939     10.079689353     10.0018858232     10.0013168196     11.8961931537     10.0296956271     10.0000622312     10.0263388333     10.8416414013
56.0     10.0003026384     10.0000876505     10.4467734769     10.0787022312     10.0019555737     10.0012526923     11.8975158403     10.0296097069     10.000053041     10.0260395057     10.8397860257
60.0     10.0004015599     10.0000386999     10.3477615636     10.1032156204     10.0035815075     10.0003061746     11.7830990833     10.0337528118     9.99746196498     10.0183440718     11.0163590458
60.0     10.0004015599     10.0000378436     10.345208334     10.1019481905     10.0036815934     10.0002417324     11.7812109508     10.0336319203     9.99743538311     10.0180973195     11.0164369827
64.0     10.0005328109     10.0000133104     10.2671792404     10.1319082198     10.0049482553     9.99966659525     11.6151509975     10.0381823005     9.99484408558     10.0119582994     11.2066681509
64.0     10.0005328109     10.0000133548     10.2650008223     10.1302987735     10.0050652454     9.99960915114     11.6111602246     10.0380160155     9.99480256959     10.0117477491     11.2092801497
68.0     10.0007069542     10.0000131246     10.2043431212     10.1672473735     10.0057443493     9.99943971869     11.4132497499     10.0431841427     9.99235501044     10.006931793     11.4026452247
68.0     10.0007069542     10.0000139591     10.2025236981     10.1652359771     10.0058631896     9.99939744705     11.4084024813     10.0429586825     9.99230136896     10.0067466083     11.4080012774
72.0     10.0009380008     10.0000382947     10.1558260695     10.2111190858     10.005799945     9.99961096448     11.1992364443     10.0490195306     9.99012852201     10.0030939333     11.58962405
72.0     10.0009380008     10.0000397817     10.1543349162     10.2086569027     10.005906303     9.99959073058     11.194415366     10.0487167176     9.99006563507     10.0029278865     11.5972764596
76.0     10.0012445345     10.0000884735     10.1186083869     10.2658220601     10.0050438059     10.0001004334     10.9913585905     10.056028362     9.98827902674     10.0003199955     11.749236253
76.0     10.0012445345     10.0000904138     10.1174043419     10.2628875973     10.0051258506     10.0001059164     10.9869562736     10.055624703     9.98820967889     10.00017052     11.7579809243
80.0     10.0016512004     10.0001618032     10.0901535414     10.3340237379     10.0035126818     10.0007704762     10.8019759653     10.064652796     9.98689673773     9.9985064358     11.862086573
80.0     10.0016512004     10.0001639034     10.089191894     10.3306485425     10.0035620772     10.0008009655     10.7980541577     10.0641187349     9.98682355171     9.99837368648     11.8701890212
84.0     10.0021906762     10.0002538203     10.068406369     10.4186344813     10.0013429022     10.001447565     10.6375207606     10.0754660352     9.98604454057     9.99755378486     11.9118184258
84.0     10.0021906762     10.0002556681     10.0676446658     10.4149391471     10.0013550466     10.0014976878     10.6340253874     10.0747654029     9.98596996569     9.99743971593     11.9175738701
88.0     10.00290628     10.0003564012     10.0517528941     10.5225550162     9.99874770374     10.001953372     10.4997916805     10.0892051065     9.98575631361     9.99735603974     11.8894881772
88.0     10.00290628     10.0003574558     10.0511544133     10.5187919194     9.9987214365     10.0020138263     10.4966776952     10.0882948308     9.98568261372     9.99726351174     11.8918783927
92.0     10.0038554165     10.0004569693     10.0389627055     10.648240779     9.99598643931     10.0021383961     10.3875926236     10.1068064073     9.98603668615     9.99779537849     11.7965622791
92.0     10.0038554165     10.0004565795     10.0384976075     10.644831673     9.99592348602     10.0021975461     10.3848505849     10.1056367238     9.98596588891     9.99772731924     11.7956214045
96.0     10.0051141261     10.0005382869     10.0291238549     10.7970285817     9.99333246226     10.0019112345     10.2981298907     10.1294428913     9.98686247815     9.99874107207     11.6450325032
96.0     10.0051141261     10.0005357497     10.0287685566     10.7945735846     9.99323682022     10.0019572337     10.2957665022     10.1279586255     9.98679628342     9.99869973587     11.641678764
100.0     10.0067830787     10.0005792198     10.0215750303     10.9682046265     9.99104527884     10.0012576267     10.2279851108     10.1585612344     9.98818618334     10.0000515739     11.4543043518
100.0     10.0067830787     10.0005738923     10.0213105256     10.9674282586     9.99092261925     10.0012806131     10.2260004301     10.1567052136     9.98812586518     10.0000379561     11.4497726504
104.0     10.0089954515     10.000556854     10.0158385001     11.1578810659     9.98935024455     10.000245501     10.1737030284     10.1959152186     9.98994169075     10.001578869     11.2461103427
104.0     10.0089954515     10.0005483227     10.0156483731     11.1594817934     9.98920730337     10.0002394036     10.1720798013     10.1936354708     9.98988804673     10.0015923312     11.2413936061
108.0     10.0119272528     10.000450197     10.01155816     11.3579079337     9.9884266207     9.99901503998     10.1321029782     10.2435869492     9.99205197884     10.0031742384     11.0396346763
108.0     10.0119272528     10.0004384934     10.0114269685     11.362304649     9.98827051205     9.99897864624     10.1308068591     10.2408499068     9.99200537044     10.0032123797     11.0352523685
112.0     10.015810791     10.0002453627     10.0084481117     11.5552537564     9.988403025     9.9977557063     10.1004175924     10.3039795259     9.99443790061     10.0046946559     10.848597763
112.0     10.015810791     10.0002311907     10.0083606352     11.5622871578     9.98824044527     9.99769282351     10.0994026594     10.3007916537     9.99439839248     10.0047534315     10.844689288
116.0     10.020952147     9.99994161062     10.0062570329     11.7324421803     9.98935859226     9.99667460628     10.0763339451     10.3797530595     9.9970266543     10.0060091275     10.680689895
116.0     10.020952147     9.99992651971     10.0061985744     11.7411735969     9.98919495673     9.99659335722     10.0755492893     10.376192456     9.99699421286     10.0060831764     10.6772238865
120.0     10.0277536613     9.99955694607     10.0047513479     11.8695620261     9.99132837736     9.99596201493     10.0579839988     10.4736611436     9.99975834681     10.0070044396     10.5386116306
120.0     10.0277536613     9.9995433564     10.0047088978     11.8783536517     9.99116699386     9.99587346922     10.0573794056     10.4699177018     9.99973302069     10.0070875556     10.5355356481
124.0     10.0367425582     9.9991313701     10.0037160963     11.9479206401     9.99431218845     9.9957600769     10.0439099505     10.5882306215     10.0025893441     10.0075899992     10.4216959215
124.0     10.0367425582     9.99912234781     10.0036798213     11.9548929093     9.99415358307     9.99567651172     10.0434401142     10.5846469294     10.0025713366     10.0076756639     10.4189858757
128.0     10.0486068283     9.99872559387     10.0029677207     11.9546110056     9.9982866017     9.99613972333     10.0330166261     10.7252219339     10.0054918349     10.007701669     10.327407602
128.0     10.0486068283     9.99872430369     10.0029320717     11.9583397276     9.99812806256     9.99607282181     10.0326439076     10.7223169916     10.0054813995     10.0077835737     10.325058685
132.0     10.0642392207     9.99841346139     10.0023696987     11.8864561249     10.0032200867     9.99708905165     10.0245160711     10.884826372     10.0084500302     10.0073046311     10.2524408195
132.0     10.0642392207     9.99842231061     10.0023335439     11.8865351401     10.0030554097     9.99704830618     10.0242119243     10.8832723996     10.0084471687     10.0073771356     10.2504464572
136.0     10.0847894312     9.9982677361     10.0018417392     11.7515554184     10.0090909896     9.99851428228     10.017866984     11.0646214811     10.0114544058     10.0063953077     10.1934052015
136.0     10.0847894312     9.99828736415     10.0018073168     11.7486568322     10.0089103336     9.99850580022     10.0176121742     11.0651388859     10.0114584156     10.0064538041     10.191745406
140.0     10.1117228744     9.99834126547     10.0013566459     11.5674267925     10.0159078252     10.0002523805     10.0127117461     11.2584372631     10.0144960796     10.0050021951     10.1471957924
140.0     10.1117228744     9.99836969278     10.0013276432     11.5628228678     10.0156975484     10.0002782112     10.0124954989     11.2615864294     10.0145050608     10.0050433666     10.1458366332
144.0     10.1468811722     9.99864827988     10.0009247165     11.3563307338     10.0237312127     10.0020928265     10.0088148647     11.4554781086     10.0175635615     10.0031852445     10.1111533881
144.0     10.1468811722     9.99868063135     10.0009041827     11.3512342566     10.0234735716     10.0021508518     10.0086331569     11.4613744452     10.0175740325     10.0032072108     10.1100523678
148.0     10.1925337127     9.99915255501     10.00057117     11.139803686     10.0326970162     10.0038049851     10.006007495     11.6402363572     10.0206436045     10.0010332564     10.0830999212
148.0     10.1925337127     9.99918172042     10.0005600514     11.1349589595     10.0323696613     10.0038893446     10.005860778     11.6482928828     10.0206503648     10.0010356035     10.0822124489
152.0     10.2514001691     9.99976894194     10.0003149883     10.934617341     10.0430407745     10.0051671004     10.0041426608     11.7937776095     10.0237268016     9.99865880653     10.0613069051
152.0     10.2514001691     9.99978726062     10.0003117829     10.9302872124     10.0426160454     10.0052690579     10.0040333754     11.8026486164     10.0237231104     9.99864249378     10.0605913657
156.0     10.3266095595     10.0003813779     10.0001564396     10.7512248903     10.0551241028     10.0059930657     10.003064718     11.8967030961     10.0268172256     9.99619053724     10.0444332727
156.0     10.3266095595     10.0003829769     10.0001579553     10.7474022659     10.0545681971     10.006102172     10.0029949682     11.9045764489     10.0267952519     9.99615767949     10.0438540109
160.0     10.4215421879     10.0008743564     10.0000761934     10.5943077159     10.0694641584     10.0061537195     10.0025946975     11.9334235342     10.0299442783     9.99376320106     10.0314538124
160.0     10.4215421879     10.000857317     10.0000789113     10.5909197035     10.0687363308     10.0062590944     10.0025644133     11.9386348992     10.0298956632     9.99371673866     10.0309822653
164.0     10.5394796332     10.0011682454     10.0000436958     10.4643497011     10.0867672663     10.0055903795     10.0025308748     11.8965189028     10.0331744381     9.99150649394     10.0215897064
164.0     10.5394796332     10.0011356057     10.0000450457     10.4613511652     10.0858193374     10.005681932     10.0025366982     11.8982052249     10.033090737     9.99144978317     10.021204225
168.0     10.6829747404     10.0012452842     10.0000290001     10.3593145534     10.1079672482     10.0043195165     10.0026617102     11.789420309     10.0366209703     9.98953425356     10.0142468462
168.0     10.6829747404     10.0012042076     10.0000280047     10.3566943493     10.1067438971     10.0043889469     10.0026967137     11.7878123029     10.0364937383     9.98947063577     10.0139317416
172.0     10.8528698636     10.0011553379     10.0000119901     10.2759656433     10.1342677187     10.0024287165     10.0027866213     11.6259831069     10.0404507484     9.9879358212     10.0089642581
172.0     10.8528698636     10.0011145432     10.0000091236     10.2737225256     10.1327083593     10.0024701957     10.0028408299     11.6221392511     10.0402710956     9.98786824717     10.0087085072
176.0     11.0469725031     10.0009985226     9.9999855112     10.2107343176     10.1671853436     10.0000652015     10.0027391789     11.4268388644     10.0448887724     9.98677112834     10.0053731205
176.0     11.0469725031     10.0009649135     9.9999820096     10.2088576894     10.1652288344     10.0000756818     10.0028007318     11.4220262982     10.0446463217     9.98670191557     10.0051690379
180.0     11.2585805473     10.000892142     9.99995257012     10.1602137732     10.2085872796     9.9974190049     10.0024073921     11.2140429939     10.0502223646     9.98607035921     10.0031658506
180.0     11.2585805473     10.0008680369     9.99994962952     10.1586777208     10.206181272     9.99739818025     10.0024640888     11.2092020895     10.0499036714     9.98600113687     10.0030079197
184.0     11.4753359368     10.0009366792     9.99992045964     10.1213950606     10.2607100515     9.99470333022     10.0017467466     11.0063090235     10.056808046     9.98583800839     10.0020741944
184.0     11.4753359368     10.0009188402     9.99991870507     10.1201614414     10.2578272345     9.99465330769     10.0017876748     11.001884074     10.056394671     9.9857698586     10.0019581482
188.0     11.6791729236     10.0011957668     9.9998953228     10.0917455376     10.3261382041     9.99213462722     10.0007833492     10.8164495838     10.065084489     9.98606008206     10.0018549792
188.0     11.6791729236     10.0011766541     9.99989470538     10.0907701853     10.3228016565     9.99205939904     10.0008003081     10.8125275038     10.064551025     9.98599383051     10.0017771431
192.0     11.8481619975     10.0016977141     9.99987945526     10.0692008814     10.4077089913     9.98991457362     9.99960658601     10.6511806012     10.0755945001     9.98671241467     10.0022820908
192.0     11.8481619975     10.0016683957     9.99987949922     10.068439266     10.4040274587     9.98981938574     9.99959508367     10.6477087093     10.0749069213     9.98664897512     10.0022389452
196.0     11.9605273513     10.0024549631     9.99987163622     10.0521158487     10.5082952228     9.98821557232     9.99835268412     10.5123967849     10.0890177021     9.98776784707     10.00314327
196.0     11.9605273513     10.0024083165     9.99987182174     10.0515268653     10.504505282     9.98810627533     9.99831238535     10.5093191208     10.0881324338     9.98770850233     10.0031311686
200.0     12.0     10.0034887828     9.99986915969     10.0392002039     10.6304068374     9.98717070673     9.99718211295     10.398877816     10.1062136834     9.9892004325     10.0042404538
200.0     12.0     10.0034213451     9.99986922302     10.0387480976     10.6269112961     9.98705315533     9.99711671569     10.3961707584     10.1050778406     9.98914694595     10.0042554368
204.0     11.9605273513     10.0048449226     9.99986971339     10.0294539897     10.7755525436     9.98686846736     9.99625459796     10.3077760798     10.1282731735     9.99098579784     10.0053925517
204.0     11.9605273513     10.0047561462     9.99986972821     10.0291089157     10.7729333314     9.98674801173     9.99617120538     10.305433418     10.1268265609     9.99094029504     10.0054302203
208.0     11.8481619975     10.0065934411     9.99987185922     10.0221088945     10.9433340229     9.98735205514     9.99570558466     10.2356628619     10.156572318     9.9930980205     10.0064396977
208.0     11.8481619975     10.0064821327     9.99987207653     10.0218466538     10.9423066269     9.98723314468     9.99561369884     10.2336750089     10.154752081     9.99306264808     10.0064951514
212.0     11.6791729236     10.0088188396     9.99987413252     10.0165782709     11.1303286152     9.98862271687     9.99562737933     10.1791559179     10.1928219502     9.9955045251     10.007248113
212.0     11.6791729236     10.0086778663     9.99987466867     10.016379638     11.1316040688     9.98850861816     9.99553767145     10.1775004724     10.1905711972     9.99548096558     10.0073159744
216.0     11.4753359368     10.0116174366     9.9998739653     10.012416157     11.3289694552     9.99064637454     9.99605713651     10.1352356864     10.2390991581     9.99816120694     10.0077147412
216.0     11.4753359368     10.0114287885     9.99987452031     10.0122660673     11.3330125998     9.99053899098     9.99598015156     10.1338785532     10.2363813311     9.99815018135     10.0077892968
220.0     11.2585805473     10.0151203819     9.99986802512     10.0092846119     11.5268353737     9.99336274412     9.99697262953     10.1013596376     10.2978416888     10.0010100133     10.0077708208
220.0     11.2585805473     10.0148528461     9.99986784864     10.0091713711     11.5335678578     9.99326251493     9.99691756988     10.1002608212     10.2946626358     10.0010109201     10.0078462899
224.0     11.0469725031     10.0195504987     9.99985473496     10.0069282538     11.7069294885     9.99669616377     9.99829557082     10.0754598156     10.3717763511     10.0039805268     10.0073836213
224.0     11.0469725031     10.019161285     9.99985298043     10.0068428544     11.7155094742     9.99660201331     9.99826927996     10.0745793155     10.3682152975     10.0039913366     10.0074545263
228.0     10.8528698636     10.0253036416     9.99983794081     10.0051547271     11.8494898332     10.0005674312     9.99990131124     10.0558822244     10.4637408758     10.0069958882     10.0065557382
228.0     10.8528698636     10.0247436024     9.9998343377     10.0050903063     11.858351749     10.0004767351     9.99990755038     10.0551839854     10.4599887913     10.007013349     10.0066173131
232.0     10.6829747404     10.0330297371     9.9998289358     10.0038197642     11.9354738046     10.0049060633     10.0016331257     10.0413055971     10.576347467     10.0099820354     10.0053216806
232.0     10.6829747404     10.0322500998     9.9998244394     10.0037711855     11.9427414838     10.004814595     10.0016722043     10.0407592263     10.5727453675     10.0100021553     10.0053702302
236.0     10.5394796332     10.0436844068     9.99984373853     10.0028155439     11.9510838124     10.0096625344     10.0033190028     10.0306618871     10.7114329136     10.0128781277     10.0037419415
236.0     10.5394796332     10.0426421259     9.99984065838     10.0027790464     11.955251395     10.0095643519     10.0033877884     10.0302426449     10.7084931566     10.0128968234     10.003775065
240.0     10.4215421879     10.0585329041     9.99989457119     10.0020613027     11.8918678047     10.0148202236     10.0047888676     10.0230702995     10.8692594166     10.0156455217     10.0018952441
240.0     10.4215421879     10.0571924257     9.99989580558     10.0020341501     11.8923957767     10.0147074621     10.0048811641     10.0227580674     10.8676419916     10.0156592648     10.0019118667
244.0     10.3266095595     10.0791092564     9.99997839855     10.0014956655     11.7646046139     10.0204070267     10.0058904229     10.0177895341     11.0474922089     10.0182729382     9.99987005813
244.0     10.3266095595     10.0774404883     9.99998584877     10.0014757674     11.7620476007     10.0202695622     10.0059976666     10.0175673743     11.047903189     10.0182792237     9.99987026673
248.0     10.2514001691     10.1071536718     10.0000690761     10.0010707899     11.585841078     10.0265068386     10.006502223     10.0141881614     11.2401034855     10.0207764743     9.99775666566
248.0     10.2514001691     10.1051283655     10.0000818908     10.0010563453     11.5814238111     10.026331805     10.0066144151     10.0140409198     11.2430956187     10.0207739718     9.99774139778
252.0     10.1925337127     10.1445590375     10.0001203699     10.0007487843     11.3774769611     10.0332713886     10.0065431112     10.011730085     11.4365316832     10.0231945927     9.99564093841
252.0     10.1925337127     10.1421495851     10.0001340303     10.0007380658     11.3724374608     10.0330425354     10.0066498786     10.0116433192     11.4422318327     10.0231829191     9.99561161617
256.0     10.1468811722     10.1933477492     10.0000832287     10.0005006113     11.1612974254     10.0409331565     10.0059776712     10.0099704696     11.6216028517     10.0255797389     9.99360057822
256.0     10.1468811722     10.1905329987     10.0000903227     10.0004920055     11.156437953     10.0406300525     10.0060693362     10.0099298433     11.6294639409     10.0255588805     9.99355879231
260.0     10.1117228744     10.2556764689     9.9999331991     10.0003067726     10.9547069163     10.0498203221     10.0048177871     10.0085570668     11.7767613258     10.0279893506     9.9917039657
260.0     10.1117228744     10.2524585086     9.99992601416     10.0002990837     10.95033897     10.0494174201     10.0048863248     10.008548242     11.7855021666     10.0279588431     9.9916512947
264.0     10.0847894312     10.3338369209     9.99969643238     10.0001579828     10.7688883718     10.0603748902     10.003120712     10.007232327     11.8828999316     10.0304794193     9.99001111308
264.0     10.0847894312     10.3302709238     9.99967052952     10.0001508336     10.7650280855     10.0598405077     10.0031604885     10.0072412973     11.8907740388     10.0304374408     9.98994911645
268.0     10.0642392207     10.4301938321     9.99945986557     10.0000536196     10.6091457474     10.0731752922     10.0009842029     10.0058327742     11.9244526161     10.0331033401     9.98857570646
268.0     10.0642392207     10.4264296305     9.99941710246     10.0000476529     10.6057246137     10.0724706361     10.0009924146     10.0058465214     11.9298266771     10.0330458798     9.98850606923
272.0     10.0486068283     10.5469828121     9.99935556312     9.99999666162     10.4763975757     10.0889647736     9.99853931072     10.0042835626     11.8936057203     10.0359176786     9.98744699396
272.0     10.0486068283     10.5433109332     9.99930503251     9.99999326808     10.4733681334     10.0880432791     9.99851608156     10.0042908817     11.8955883336     10.0358379067     9.98737174692
276.0     10.0367425582     10.6858871164     9.9995197779     9.9999860161     10.3688605559     10.1086864842     9.99594136816     10.00258762     11.7929707379     10.0389949945     9.98667040224
276.0     10.0367425582     10.6827728394     9.99947588674     9.99998653637     10.3662097546     10.1074939574     9.99588950638     10.0025799439     11.7917140067     10.0388828924     9.98659211087
280.0     10.0277536613     10.8473324122     10.0000393454     10.0000095388     10.2834121013     10.1335249967     9.99335966417     10.0008100371     11.6353489997     10.0424424215     9.9862862188
280.0     10.0277536613     10.8454100045     10.0000174359     10.0000142163     10.2811386888     10.132001352     9.99328412702     10.0007820997     11.6318232886     10.0422846496     9.98620803731
284.0     10.020952147     11.0294988115     10.000905709     10.0000420963     10.2165055454     10.1649515841     9.99096627343     9.99905919919     11.4404193962     10.0464237057     9.98632634059
284.0     10.020952147     11.0294906052     10.0009166649     10.0000493138     10.2145997863     10.1630353683     9.99087342487     9.99900940619     11.4358360347     10.0462036099     9.986251865
288.0     10.015810791     11.2271684404     10.0019962932     10.000051573     10.1647024106     10.2047666063     9.98892456186     9.99746651002     11.2296970127     10.0511821207     9.98680978051
288.0     10.015810791     11.229701113     10.0020420174     10.0000579049     10.1631390138     10.2024039838     9.98882133266     9.99739693008     11.224985562     10.050879729     9.98674269497
292.0     10.0119272528     11.4307084612     10.0030941209     10.0000119671     10.1249360445     10.2551263958     9.98737802379     9.99616648929     11.0218905842     10.0570621833     9.98773814439
292.0     10.0119272528     11.4360373696     10.0031654597     10.0000132615     10.1236768911     10.2522867211     9.98727108974     9.99608243396     11.0175125119     10.0566540317     9.98768172154
296.0     10.0089954515     11.6256907114     10.0039432112     9.99991834024     10.0946081043     10.3185334986     9.98644030298     9.99527870187     10.8302483526     10.0645292443     9.98909248836
296.0     10.0089954515     11.6334158803     10.0040210029     9.99991153019     10.093608703     10.3152336652     9.98633538916     9.99518792447     10.82631291     10.063987914     9.98904905668
300.0     10.0067830787     11.7937469914     10.004324816     9.99979584301     10.0715905987     10.3977575704     9.98618743609     9.99489258341     10.6621517685     10.0741875252     9.99083276835
300.0     10.0067830787     11.8026840564     10.0043836475     9.99978073213     10.0708061859     10.3940961736     9.98608883548     9.99480418718     10.6586230098     10.0734808777     9.99080328249
304.0     10.0051141261     11.915081494     10.0041326386     9.99969618876     10.0541803194     10.4956402054     9.98665340777     9.99505591728     10.5201881217     10.086798549     9.99290053459
304.0     10.0051141261     11.9234585176     10.0041460276     9.99967632167     10.0535699095     10.491839054     9.98656376988     9.99497911382     10.5170225868     10.0858888182     9.99288437064
308.0     10.0038554165     11.9724888381     10.0034260293     9.99967988364     10.0410342012     10.6147245794     9.98782989418     9.99576754191     10.4037228775     10.103302664     9.99522473907
308.0     10.0038554165     11.978503527     10.0033714007     9.99966190416     10.0405624203     10.6111678939     9.98775029162     9.99571043207     10.400909596     10.1021458095     9.99521978846
312.0     10.00290628     11.9558776197     10.0024479014     9.99978925541     10.0311026274     10.7566494844     9.98967055008     9.9969747752     10.3103232341     10.1248460072     9.997729712
312.0     10.00290628     11.9583938288     10.0023099571     9.99978077408     10.0307398957     10.7539003809     9.98960077228     9.99694332672     10.3078705653     10.1233920554     9.99773277674
316.0     10.0021906762     11.8656146818     10.001605477     10.0000227082     10.0235705326     10.9212747725     9.9920994651     9.99857591445     10.2367874502     10.1528134099     10.0003437422
316.0     10.0021906762     11.8645932042     10.0013772025     10.0000293703     10.023292392     10.920037259     9.99203843388     9.99857328007     10.2347010713     10.1510089205     10.0003511582
320.0     10.0016512004     11.7130588365     10.0014227748     10.0003218959     10.0178110441     11.1055828426     9.99502269098     10.0004278922     10.1797829531     10.1888640959     10.0030064448
320.0     10.0016512004     11.7094319494     10.0011040785     10.0003447567     10.0175973647     11.1065751295     9.99496886476     10.0004541519     10.1780539489     10.186658371     10.0030147996
324.0     10.0012445345     11.5177232111     10.0024805999     10.0005796865     10.0133520437     11.3025463245     9.99834124268     10.0023586875     10.1361891319     10.2349612249     10.0056733145
324.0     10.0012445345     11.5128118086     10.002075164     10.0006139717     10.0131865759     11.3062705958     9.99829288705     10.0024110214     10.1347928545     10.2323183362     10.0056800948
328.0     10.0009380008     11.3021533488     10.0053612624     10.0006692055     10.0098523098     11.5003505111     10.0019638131     10.0041834555     10.1032486994     10.2933780416     10.008316514
328.0     10.0009380008     11.2970491938     10.0048724582     10.0007050633     10.0097226692     11.5067995933     10.00191906     10.0042566793     10.1021491626     10.2902969315     10.0083205318
332.0     10.0007069542     11.0867360256     10.0106120567     10.0004859101     10.00708158     11.6825335025     10.0058176186     10.0057226765     10.078609038     10.36665238     10.0109218937
332.0     10.0007069542     11.0820184495     10.0100387483     10.0005110426     10.006979403     11.6909561585     10.0057742925     10.0058100126     10.0777644109     10.3631965944     10.0109233876
336.0     10.0005328109     10.8863905494     10.0187356944     9.99998892949     10.0048988505     11.8296007802     10.0098562709     10.0068201219     10.0603083658     10.4574479872     10.0134832307
336.0     10.0005328109     10.8822096911     10.018068554     9.9999923001     10.0048196672     11.8385058382     10.0098115144     10.0069140556     10.059675428     10.4537840964     10.0134836181
340.0     10.0004015599     10.7097347887     10.0302096988     9.99922710987     10.0032256983     11.9223181049     10.0140643189     10.0073582678     10.046739678     10.5682681714     10.0159954367
340.0     10.0004015599     10.7060423663     10.0294284174     9.99920254152     10.0031681385     11.9298442114     10.0140140846     10.0074513438     10.046276768     10.5647063513     10.0159967727
344.0     10.0003026384     10.5600441524     10.0455318255     9.99833968714     10.0020155255     11.9461515072     10.0184590191     10.0072690679     10.036609878     10.7009613726     10.0184487907
344.0     10.0003026384     10.5567681534     10.0446034386     9.99828820509     10.0019797665     11.9507264244     10.0183975193     10.0073545224     10.0362786136     10.6979824357     10.0184530564
348.0     10.0002280842     10.4369197594     10.0652855012     9.99752955609     10.0012236369     11.8954773642     10.0230907827     10.0065387388     10.0289015083     10.8559729626     10.0208260171
348.0     10.0002280842     10.4340258603     10.0641640234     9.997459761     10.0012094001     11.8964386329     10.0230099785     10.0066109178     10.0286677206     10.8542147724     10.0208343896
352.0     10.0001718954     10.3378779376     10.0902178094     9.99701575773     10.000785137     11.7757783541     10.0280443336     10.0052062585     10.0228387448     11.0313526862     10.0231033148
352.0     10.0001718954     10.3353606026     10.0888455135     9.99694213847     10.0007898475     11.7735630438     10.0279335114     10.0052608325     10.0226729743     11.0315222372     10.0231155662
356.0     10.0001295483     10.2595303054     10.1213218954     9.99697806739     10.0006066508     11.6025768194     10.0334427428     10.0033563901     10.0178565894     11.2216433413     10.0252554763
356.0     10.0001295483     10.2573873413     10.1196328973     9.99691775435     10.0006244485     11.5983536065     10.0332881689     10.0033904157     10.0177343446     11.2243301374     10.0252696122
360.0     10.0000976334     10.1983288102     10.159914745     9.99750858628     10.0005740346     11.3973108717     10.0394561727     10.0011088978     10.0135714414     11.4169545961     10.0272642742
360.0     10.0000976334     10.1965457072     10.1578420503     9.99747742345     10.0005961048     11.3923335903     10.0392407713     10.0011207954     10.0134733041     11.4223612605     10.027276466
364.0     10.0000735807     10.1509725347     10.2076989682     9.99858282562     10.0005729872     11.1819113154     10.0463164838     9.99860602506     10.0097516054     11.6027175366     10.0291285693
364.0     10.0000735807     10.1495196961     10.2051867157     9.99859173664     10.0005892385     11.1770361841     10.0460194581     9.99859552485     10.0096631951     11.6103952878     10.0291333733
368.0     10.0000554535     10.1145898267     10.2667923617     10.0000571704     10.0005148824     10.9743458602     10.054337956     9.99600015973     10.0062871436     11.7606925045     10.0308742429
368.0     10.0000554535     10.1134270731     10.2638154332     10.0001096372     10.0005165024     10.9699349391     10.0539342712     9.99596823895     10.0061989233     11.7694419966     10.0308650356
372.0     10.000041792     10.0867868012     10.3397007528     10.0016927796     10.000358104     10.7864988059     10.0639434838     9.99344305331     10.0031593545     11.871597426     10.032562134
372.0     10.000041792     10.0858696587     10.3362936753     10.0017839269     10.0003401682     10.7825957397     10.0634031576     9.99339185196     10.0030662583     11.8796907077     10.0325316396
376.0     10.0000314961     10.0656246364     10.4291978693     10.003199838     10.0001165581     10.6242918293     10.0756950329     9.99107721538     10.0004107941     11.9191332421     10.0342926617
376.0     10.0000314961     10.0649094945     10.425493092     10.0033172209     10.0000797909     10.6208355947     10.0749822569     9.99100989591     10.0003116693     11.9248685706     10.0342334119
380.0     10.0000237367     10.0495645438     10.5380624756     10.0042919978     9.99985141945     10.4890717841     10.0903271525     9.98902944866     9.99811707361     11.8943528957     10.0362066892
380.0     10.0000237367     10.0490118547     10.5343334162     10.0044178146     9.99980244492     10.4860131541     10.0893994337     9.98894996694     9.99801394899     11.8967093696     10.0361112522
384.0     10.0000178889     10.0374027763     10.668613584     10.0047394957     9.99964793957     10.3792844349     10.1087827919     9.9874061285     9.99636169843     11.798702219     10.0384832961
384.0     10.0000178889     10.0369785247     10.6653092183     10.0048536686     9.99959782952     10.3766068515     10.107590565     9.98731890743     9.99625891777     11.797708519     10.0383441498
388.0     10.0000134818     10.0282074521     10.8219909404     10.0044107607     9.99958423849     10.2918790047     10.132250992     9.98628982116     9.9952150551     11.6442083122     10.0413362264
388.0     10.0000134818     10.0278834435     10.8197369576     10.0044942032     9.99954569423     10.2895785074     10.1307385226     9.98619935588     9.99511833298     11.6407796268     10.0411452131
392.0     10.0000101604     10.0212626059     10.9971700455     10.0032957335     9.99970168669     10.2232828526     10.1622053622     9.98573707756     9.99471838352     11.4504218048     10.045011587
392.0     10.0000101604     10.0210160811     10.9967017446     10.0033331606     9.99968560934     10.2213478835     10.1603142309     9.98564753537     9.99463385913     11.4457949712     10.0447589533
396.0     10.0000076573     10.0160212441     11.1898012196     10.0015085843     9.99998599622     10.1699912596     10.2004396381     9.98577752625     9.99487325226     11.2393235519     10.049789669
396.0     10.0000076573     10.0158341837     11.1917967676     10.0014903959     9.99999838479     10.1683954133     10.1981166336     9.98569241886     9.99480662023     11.2344969361     10.0494627536
400.0     10.0000057708     10.0120672445     11.3911323395     9.99927187658     10.0003648518     10.1288765067     10.249091062     9.98641452129     9.99563669862     11.0303853287     10.0559935555
